   5.2041704279304213E-018   6.9388939039072284E-018 -0.53205788272861076      -0.84670798356124410       0.99999999999999989        0.0000000000000000     
   1.7460835780155681E-002  -8.4850044941206897E-003 -0.34397599574070803      -0.93897844190065860        1.0000000000000000        0.0000000000000000     
   3.6197228425184511E-002  -1.3626740423662815E-002 -0.19299390241220038      -0.98119995598843668        1.0000000000000000        0.0000000000000000     
   5.5449104804678982E-002  -1.6331268363968185E-002  -9.3561977494916362E-002 -0.99561345730521389        1.0000000000000000        0.0000000000000000     
   7.4857234802761533E-002  -1.7554599699515980E-002  -3.8379612389921089E-002 -0.99926323126231331        1.0000000000000000        0.0000000000000000     
   9.4300441851176545E-002  -1.8010688503872510E-002  -1.2055613575105775E-002 -0.99992732845008692        1.0000000000000000        0.0000000000000000     
  0.11374914227286262       -1.8121125320110176E-002  -9.6768697850785975E-004 -0.99999953179084622       0.99999999999999978        0.0000000000000000     
  0.13319821639570587       -1.8090573048959023E-002   3.4555980733863454E-003 -0.99999402940315363       0.99999999999999989        0.0000000000000000     
  0.15264712566514635       -1.8002069339018656E-002   5.4264368215820955E-003 -0.99998527678332416       0.99999999999999978        0.0000000000000000     
  0.17209588247496280       -1.7884463065393333E-002   6.5955497144757052E-003 -0.99997824912543176        1.0000000000000000        0.0000000000000000     
  0.19154451225039482       -1.7747367121549076E-002   7.4673072700699719E-003 -0.99997211927239971        1.0000000000000000        0.0000000000000000     
  0.21099303029054584       -1.7595226191446253E-002   8.1469259183341840E-003 -0.99996681324836034        1.0000000000000000        0.0000000000000000     
  0.23044145623609641       -1.7431696779601269E-002   8.6364912226489232E-003 -0.99996270481421512        1.0000000000000000        0.0000000000000000     
  0.24988981696232965       -1.7260591630455322E-002   8.9242578574735484E-003 -0.99996017801795156       0.99999999999999989        0.0000000000000000     
  0.26933814616829166       -1.7085913209926258E-002   9.0033326948490075E-003 -0.99995946917881928        1.0000000000000000        0.0000000000000000     
  0.28878647969388610       -1.6911739059577775E-002   8.8725920509421675E-003 -0.99996063778045663        1.0000000000000000        0.0000000000000000     
  0.30823485366114639       -1.6742126483018028E-002   8.5350424996353570E-003 -0.99996357586140583        1.0000000000000000        0.0000000000000000     
  0.32768329979636152       -1.6581043816378524E-002   7.9966145637176429E-003 -0.99996802656660944       0.99999999999999989        0.0000000000000000     
  0.34713184439846723       -1.6432321943821208E-002   7.2655026693906818E-003 -0.99997360588715600       0.99999999999999989        0.0000000000000000     
  0.36658050439423406       -1.6299612757102639E-002   6.3517967668659569E-003 -0.99997982713544409        1.0000000000000000        0.0000000000000000     
  0.38602928734341263       -1.6186356282220152E-002   5.2672369190930437E-003 -0.99998612801140319        1.0000000000000000        0.0000000000000000     
  0.40547818847524436       -1.6095748980470601E-002   4.0250144781073128E-003 -0.99999189959641732       0.99999999999999989        0.0000000000000000     
  0.42492719186883865       -1.6030718972050988E-002   2.6395915847474312E-003 -0.99999651627206476        1.0000000000000000        0.0000000000000000     
  0.44437626860147683       -1.5993901227545619E-002   1.1265305121469656E-003 -0.99999936546430135        1.0000000000000000        0.0000000000000000     
  0.46382537911810251       -1.5987619620482212E-002  -4.9766882316381635E-004 -0.99999987616286357        1.0000000000000000        0.0000000000000000     
  0.48327447244726096       -1.6013868259617970E-002  -2.2157230787710151E-003 -0.99999754528260631        1.0000000000000000        0.0000000000000000     
  0.50272348962540470       -1.6074299715695552E-002  -4.0097112526501213E-003 -0.99999196107552302        1.0000000000000000        0.0000000000000000     
  0.52217236378409948       -1.6170211850812594E-002  -5.8612122365990357E-003 -0.99998282294803320        1.0000000000000000        0.0000000000000000     
  0.54162102437946125       -1.6302541572779102E-002  -7.7514349030251804E-003 -0.99996995717718662        1.0000000000000000        0.0000000000000000     
  0.56106939784690990       -1.6471856562839511E-002  -9.6613419328040774E-003 -0.99995332814689775        1.0000000000000000        0.0000000000000000     
  0.58051741231241694       -1.6678354023844693E-002  -1.1571768954069308E-002 -0.99993304484014012       0.99999999999999989        0.0000000000000000     
  0.59996499844588125       -1.6921856889976983E-002  -1.3463540799008408E-002 -0.99990936242699191        1.0000000000000000        0.0000000000000000     
  0.61941209429440292       -1.7201817270497695E-002  -1.5317586786794681E-002 -0.99988267888539251       0.99999999999999989        0.0000000000000000     
  0.63885864593450459       -1.7517316998093377E-002  -1.7115056906701960E-002 -0.99985352668632443        1.0000000000000000        0.0000000000000000     
  0.65830461206355517       -1.7867075757762443E-002  -1.8837440618349816E-002 -0.99982255967294031       0.99999999999999978        0.0000000000000000     
  0.67774996404984500       -1.8249456114286536E-002  -2.0466689728398275E-002 -0.99979053536806473        1.0000000000000000        0.0000000000000000     
  0.69719468994576506       -1.8662476576443283E-002  -2.1985346476684122E-002 -0.99975829305902753        1.0000000000000000        0.0000000000000000     
  0.71663879356426707       -1.9103821466743023E-002  -2.3376677617505313E-002 -0.99972672813302710        1.0000000000000000        0.0000000000000000     
  0.73608229764079436       -1.9570859346435272E-002  -2.4624815010873997E-002 -0.99969676326658186       0.99999999999999989        0.0000000000000000     
  0.75552524162891965       -2.0060658218813743E-002  -2.5714903313119934E-002 -0.99966931719824081        1.0000000000000000        0.0000000000000000     
  0.77496768384277659       -2.0570009845612667E-002  -2.6633256580169479E-002 -0.99964527190595709        1.0000000000000000        0.0000000000000000     
  0.79440969776276515       -2.1095450950319717E-002  -2.7367530227242472E-002 -0.99962543899665801        1.0000000000000000        0.0000000000000000     
  0.81385137312543532       -2.1633294476436984E-002  -2.7906928424186666E-002 -0.99961052582789833       0.99999999999999989        0.0000000000000000     
  0.83329281062010785       -2.2179659080325261E-002  -2.8242501161332794E-002 -0.99960110100387156       0.99999999999999989        0.0000000000000000     
  0.85273412195556875       -2.2730512857050397E-002  -2.8367655486222165E-002 -0.99959755708095599       0.99999999999999989        0.0000000000000000     
  0.87217542269501058       -2.3281724045296201E-002  -2.8279097310469365E-002 -0.99960006635419196       0.99999999999999989        0.0000000000000000     
  0.89161683104332434       -2.3829142357434080E-002  -2.7978304391195211E-002 -0.99960853061755817       0.99999999999999989        0.0000000000000000     
  0.91105845848326605       -2.4368698887312301E-002  -2.7472132172481092E-002 -0.99962256975015218       0.99999999999999989        0.0000000000000000     
  0.93050041012321316       -2.4896458908373137E-002  -2.6763982610116623E-002 -0.99964178045680219       0.99999999999999989        0.0000000000000000     
  0.94994278972705071       -2.5408172957234042E-002  -2.5802617442695585E-002 -0.99966705704104608        1.0000000000000000        0.0000000000000000     
  0.96938576440822466       -2.5896739743821614E-002  -2.4294550530584449E-002 -0.99970484384868163        1.0000000000000000        0.0000000000000000     
  0.98882974534417833       -2.6343180368892195E-002  -2.1183328850445399E-002 -0.99977560811354760       0.99999999999999989        0.0000000000000000     
   1.0082756818211127       -2.6692128791269441E-002  -1.3540470127565511E-002 -0.99990832363208404       0.99999999999999989        0.0000000000000000     
   1.0277242183372470       -2.6799461562395301E-002   5.1410260745001924E-003 -0.99998678483813053        1.0000000000000000        0.0000000000000000     
   1.0471666925913112       -2.6346858316692742E-002   4.6388499589632620E-002 -0.99892347409890347       0.99999999999999989        0.0000000000000000     
   1.0665448274726619       -2.4748028698091479E-002  0.12567600407179502      -0.99207133916898649        1.0000000000000000        0.0000000000000000     
   1.0856390854366211       -2.1125584266908300E-002  0.25575925861179882      -0.96674050377251863       0.99999999999999989        0.0000000000000000     
   1.1038874990957479       -1.4483023557515061E-002  0.43367869103727852      -0.90106758511234486       0.99999999999999989        0.0000000000000000     
   1.1203010755863725       -4.1319965382590933E-003  0.63010397360044457      -0.77651077420273462        1.0000000000000000        0.0000000000000000     
   1.1337526722574114        9.8475922566240125E-003  0.79943857975618460      -0.60074783162106760        1.0000000000000000        0.0000000000000000     
   1.1435855202354170        2.6582575646084496E-002  0.91108784029990952      -0.41221225995553151       0.99999999999999989        0.0000000000000000     
   1.1499846977216177        4.4924284475428969E-002  0.96739023739699814      -0.25329060106719231        1.0000000000000000        0.0000000000000000     
   1.1537647701413185        6.3992206188459411E-002  0.98958962432083930      -0.14391794688828841        1.0000000000000000        0.0000000000000000     
   1.1558821823540355        8.3322392860930586E-002  0.99676414014671344       -8.0381894214948332E-002  0.99999999999999989        0.0000000000000000     
   1.1570956156724470       0.10273278635136564       0.99882929770641760       -4.8373898367865036E-002   1.0000000000000002        0.0000000000000000     
   1.1578765200389416       0.12216604714574263       0.99942460175091330       -3.3918511391692018E-002   1.0000000000000000        0.0000000000000000     
   1.1584671874967545       0.14160615845069857       0.99961714408759939       -2.7668849743922034E-002   1.0000000000000000        0.0000000000000000     
   1.1589737182364122       0.16104866799324602       0.99969393893748593       -2.4739208792003652E-002  0.99999999999999989        0.0000000000000000     
   1.1594372385314109       0.18049225515938322       0.99973442080219188       -2.3045343636100609E-002  0.99999999999999989        0.0000000000000000     
   1.1598732497529012       0.19993647953342591       0.99976134047809495       -2.1846328877934716E-002  0.99999999999999989        0.0000000000000000     
   1.1602887515094682       0.21938115369383498       0.99978117995328630       -2.0918704816850688E-002  0.99999999999999989        0.0000000000000000     
   1.1606883160248505       0.23882616196929368       0.99979590099489546       -2.0202879839398728E-002   1.0000000000000000        0.0000000000000000     
   1.1610758707450388       0.25827141366529416       0.99980628906677427       -1.9682081763013996E-002   1.0000000000000000        0.0000000000000000     
   1.1614551256602201       0.27771682900768296       0.99981280684384233       -1.9348159370797646E-002   1.0000000000000000        0.0000000000000000     
   1.1618296416181890       0.29716233638057787       0.99981578985902808       -1.9193393357295380E-002  0.99999999999999978        0.0000000000000000     
   1.1622028183102704       0.31660786942693053       0.99981549361920419       -1.9208818781679612E-002   1.0000000000000000        0.0000000000000000     
   1.1625778666820885       0.33605336651900819       0.99981211240264067       -1.9384011271391971E-002  0.99999999999999989        0.0000000000000000     
   1.1629577818224901       0.35549876900760374       0.99980579383440249       -1.9707222411095647E-002  0.99999999999999989        0.0000000000000000     
   1.1633453193452981       0.37494402105244307       0.99979665302592680       -2.0165629128655552E-002   1.0000000000000000        0.0000000000000000     
   1.1637429774946952       0.39438906860765077       0.99978478605145771       -2.0745640024854198E-002   1.0000000000000002        0.0000000000000000     
   1.1641529855004458       0.41383385961586522       0.99977028166332982       -2.1433242937695045E-002  0.99999999999999978        0.0000000000000000     
   1.1645772990159098       0.43327834356337558       0.99975322995333216       -2.2214391683769444E-002  0.99999999999999989        0.0000000000000000     
   1.1650176037338427       0.45272247190890247       0.99973372669998417       -2.3075434959312607E-002   1.0000000000000000        0.0000000000000000     
   1.1654753273096705       0.47216619786779168       0.99971187230996816       -2.4003590616785624E-002   1.0000000000000000        0.0000000000000000     
   1.1659516616671113       0.49160947675410377       0.99968776456339881       -2.4987464501916988E-002   1.0000000000000000        0.0000000000000000     
   1.1664475947673048       0.51105226549352223       0.99966148484439743       -2.6017604015253611E-002   1.0000000000000000        0.0000000000000000     
   1.1669639545901866       0.53049452244796069       0.99963307823871372       -2.7087061320743951E-002   1.0000000000000000        0.0000000000000000     
   1.1675014621663842       0.54993620611650706       0.99960252887446455       -2.8191918483410894E-002   1.0000000000000000        0.0000000000000000     
   1.1680607958523643       0.56937727409907168       0.99956973323864751       -2.9331696050842748E-002   1.0000000000000000        0.0000000000000000     
   1.1686426590814041       0.58881768067004780       0.99953447600746348       -3.0509527569031580E-002  0.99999999999999989        0.0000000000000000     
   1.1692478508202155       0.60825737500841981       0.99949641533642730       -3.1731935485125394E-002   1.0000000000000000        0.0000000000000000     
   1.1698773226741890       0.62769629805420801       0.99945508787092663       -3.3007988865095733E-002  0.99999999999999989        0.0000000000000000     
   1.1705322153069690       0.64713438129873602       0.99940994849520903       -3.4347559575664044E-002   1.0000000000000000        0.0000000000000000     
   1.1712138447818259       0.66657154499437499       0.99936046677780921       -3.5758319893969284E-002   1.0000000000000000        0.0000000000000000     
   1.1719236200293723       0.68600770131236888       0.99930631177640306       -3.7241042464493737E-002   1.0000000000000000        0.0000000000000000     
   1.1726628422565311       0.70544275952417101       0.99924766866756132       -3.8782685085533709E-002   1.0000000000000000        0.0000000000000000     
   1.1734323505866002       0.72487664241952110       0.99918574034470520       -4.0346701126653388E-002  0.99999999999999989        0.0000000000000000     
   1.1742319403017263       0.74430931062967809       0.99912348395258943       -4.1860050339671322E-002   1.0000000000000000        0.0000000000000000     
   1.1750595004708457       0.76374080862844618       0.99906660361010713       -4.3196314090039239E-002   1.0000000000000000        0.0000000000000000     
   1.1759097605345670       0.78317132682098745       0.99902480356828949       -4.4152484135557855E-002   1.0000000000000000        0.0000000000000000     
   1.1767724417540906       0.80260129863480978       0.99901359159172243       -4.4405448032954299E-002  0.99999999999999989        0.0000000000000000     
   1.1776289357102354       0.82203154297429293       0.99905832139855577       -4.3387445699189849E-002  0.99999999999999989        0.0000000000000000     
   1.1784444089491086       0.84146354360872000       0.99920400705424006       -3.9891757127887721E-002  0.99999999999999989        0.0000000000000000     
   1.1791466405053639       0.86089991271324162       0.99951846562996105       -3.1029612706709363E-002   1.0000000000000000        0.0000000000000000     
   1.1795755435732374       0.88034394859318998       0.99994728518469911       -1.0267757873563866E-002  0.99999999999999989        0.0000000000000000     
   1.1793915815451563       0.89979057617659597       0.99940524286055055        3.4484207151160726E-002   1.0000000000000000        0.0000000000000000     
   1.1779739661151305       0.91918208933894729       0.99286874368098554       0.11921265797448495        1.0000000000000000        0.0000000000000000     
   1.1744241341372283       0.93828887155681961       0.96716251247514617       0.25415875838295032       0.99999999999999989        0.0000000000000000     
   1.1678222757862038       0.95655309726042148       0.90323351476742586       0.42914941197778933        1.0000000000000000        0.0000000000000000     
   1.1576858895842375       0.97310836353162189       0.79163781911026487       0.61099064097115574        1.0000000000000000        0.0000000000000000     
   1.1442506578426106       0.98712085485266599       0.64580191906834550       0.76350499757869450       0.99999999999999989        0.0000000000000000     
   1.1282952077628736       0.99819386934894749       0.49443886783730590       0.86921240555560597       0.99999999999999989        0.0000000000000000     
   1.1107236743464683        1.0064913471131973       0.36385079220143046       0.93145724594014057        1.0000000000000000        0.0000000000000000     
   1.0922586980996969        1.0125731280980854       0.26768561314216288       0.96350631161228228       0.99999999999999989        0.0000000000000000     
   1.0733549607558255        1.0171329242273315       0.20657648455910052       0.97843045538617801        1.0000000000000000        0.0000000000000000     
   1.0542530308890679        1.0207863215029440       0.17278546571764039       0.98495948284015133        1.0000000000000000        0.0000000000000000     
   1.0350648861400618        1.0239601941881151       0.15539207349885206       0.98785287542919442        1.0000000000000000        0.0000000000000000     
   1.0158342585519253        1.0268664873435602       0.14353607744315722       0.98964508510487337       0.99999999999999989        0.0000000000000000     
  0.99656638911317330        1.0295138777472019       0.12710057884748549       0.99188983403230535       0.99999999999999989        0.0000000000000000     
  0.97724282529041884        1.0317130429363508        9.5562834847621750E-002  0.99542339966261906       0.99999999999999989        0.0000000000000000     
  0.95784270993309018        1.0330519984108533        3.6290832022673920E-002  0.99934127079346735        1.0000000000000000        0.0000000000000000     
  0.93840321583135500        1.0328447455129892       -6.6192539970423694E-002  0.99780686891415216       0.99999999999999978        0.0000000000000000     
  0.91917105188916004        1.0300958952320070      -0.22712180844283486       0.97386635845461689       0.99999999999999989        0.0000000000000000     
  0.90088280203985061        1.0236108147108278      -0.44827366252117778       0.89389637178469927       0.99999999999999989        0.0000000000000000     
  0.88500799832561861        1.0125011803718327      -0.69196459002985111       0.72193144144359034        1.0000000000000000        0.0000000000000000     
  0.87331981575792228       0.99705676468846416      -0.88115198685882778       0.47283313764449753        1.0000000000000000        0.0000000000000000     
  0.86658413686076496       0.97887121689502732      -0.97375835741040162       0.22758440494330154       0.99999999999999989        0.0000000000000000     
  0.86402414830274865       0.95961817466059907      -0.99882903555901248        4.8379310911308877E-002  0.99999999999999989        0.0000000000000000     
  0.86424514054506263       0.94018000764549203      -0.99813571404851209       -6.1033567328700626E-002  0.99999999999999989        0.0000000000000000     
  0.86608279651881925       0.92082090638330449      -0.99257097788265791      -0.12166697935374318       0.99999999999999989        0.0000000000000000     
  0.86879196310985873       0.90156223842011640      -0.98816702680607582      -0.15338163883998798        1.0000000000000000        0.0000000000000000     
  0.87194571908950558       0.88237072979745090      -0.98562295712313608      -0.16895971825214628       0.99999999999999989        0.0000000000000000     
  0.87530561988872779       0.86321406684042423      -0.98449923554645835      -0.17538886854198890        1.0000000000000000        0.0000000000000000     
  0.87873172419750789       0.84406909865223334      -0.98436138619111047      -0.17616089627359302       0.99999999999999978        0.0000000000000000     
  0.88213256435898479       0.82491963474249741      -0.98492344766873752      -0.17299075765001942       0.99999999999999989        0.0000000000000000     
  0.88544133419927140       0.80575407162957235      -0.98598802100909144      -0.16681613359197442       0.99999999999999989        0.0000000000000000     
  0.88860618651104228       0.78656424689415461      -0.98739261459104621      -0.15829031761626386        1.0000000000000000        0.0000000000000000     
  0.89158704817644774       0.76734501064751970      -0.98898872296775264      -0.14799089783704225        1.0000000000000000        0.0000000000000000     
  0.89435498170191574       0.74809397669572153      -0.99064140435661308      -0.13649032190729665       0.99999999999999989        0.0000000000000000     
  0.89689222513402977       0.72881119471256850      -0.99223669018951854      -0.12436378348116270       0.99999999999999989        0.0000000000000000     
  0.89919207760580011       0.70949866134319650      -0.99368920262556037      -0.11216848303056409        1.0000000000000000        0.0000000000000000     
  0.90125823538715411       0.69015972168567685      -0.99494607278123637      -0.10041071784025224        1.0000000000000000        0.0000000000000000     
  0.90310346868338331       0.67079843663003946      -0.99598576499661928       -8.9511764165941685E-002  0.99999999999999989        0.0000000000000000     
  0.90474768783880333       0.65141902633881121      -0.99681238041621201       -7.9781440504450588E-002  0.99999999999999989        0.0000000000000000     
  0.90621563179726006       0.63202544643061831      -0.99744737528676120       -7.1405416696152427E-002   1.0000000000000000        0.0000000000000000     
  0.90753445258324628       0.61262113795110362      -0.99792105870882253       -6.4448123211330158E-002  0.99999999999999989        0.0000000000000000     
  0.90873150044331252       0.59320892227973565      -0.99826572970615923       -5.8868776904480245E-002  0.99999999999999989        0.0000000000000000     
  0.90983249631246088       0.57379101231063512      -0.99851130752700856       -5.4545107394739896E-002   1.0000000000000000        0.0000000000000000     
  0.91086019889058412       0.55436907834134252      -0.99868336074143127       -5.1298586512693471E-002   1.0000000000000000        0.0000000000000000     
  0.91183352581591337       0.53494433978481648      -0.99880289246390530       -4.8916071037406625E-002  0.99999999999999989        0.0000000000000000     
  0.91276704276377252       0.51551764496125208      -0.99888711613159309       -4.7164915205153285E-002  0.99999999999999989        0.0000000000000000     
  0.91367066896535332       0.49608953602760580      -0.99895059124766439       -4.5800832371714201E-002   1.0000000000000000        0.0000000000000000     
  0.91454947388623953       0.47666028816100603      -0.99900631581463228       -4.4568833981553764E-002  0.99999999999999989        0.0000000000000000     
  0.91540340152166289       0.45722993126968009      -0.99906671275734438       -4.3193789602603866E-002   1.0000000000000000        0.0000000000000000     
  0.91622654947948090       0.43779824759055391      -0.99914529522888917       -4.1336170867363631E-002   1.0000000000000000        0.0000000000000000     
  0.91700459631431364       0.41836470946827953      -0.99926163644760124       -3.8421112998742381E-002   1.0000000000000000        0.0000000000000000     
  0.91770593070341810       0.39892826793646297      -0.99945174405837822       -3.3109081815508964E-002   1.0000000000000000        0.0000000000000000     
  0.91825617703412510       0.37948703696588210      -0.99975653281434429       -2.2065246317251284E-002   1.0000000000000000        0.0000000000000000     
  0.91848123320001751       0.36003969088056731      -0.99999806211195574        1.9686981315226661E-003   1.0000000000000000        0.0000000000000000     
  0.91801549270288740       0.34059813162283226      -0.99867663019932984        5.1429449673423014E-002   1.0000000000000000        0.0000000000000000     
  0.91621781278132708       0.32123890881164285      -0.98997725460646280       0.14122689319619941        1.0000000000000000        0.0000000000000000     
  0.91220530939385414       0.30222477341471932      -0.96023913402206640       0.27917880559339031       0.99999999999999989        0.0000000000000000     
  0.90511665433722155       0.28414431967913767      -0.89119660600488271       0.45361724994247954        1.0000000000000000        0.0000000000000000     
  0.89453136266462152       0.26787247804735614      -0.77460240028660787       0.63244851290063586        1.0000000000000000        0.0000000000000000     
  0.88071481841984500       0.25423605283706247      -0.62426549286857524       0.78121225951309481       0.99999999999999989        0.0000000000000000     
  0.86445299585581081       0.24361846729686912      -0.46938276420060759       0.88299480217688542        1.0000000000000000        0.0000000000000000     
  0.84665088413709100       0.23582799006655344      -0.33712530941718422       0.94145978445729050       0.99999999999999989        0.0000000000000000     
  0.82802250369629804       0.23026612391665921      -0.24119912758359197       0.97047564670779563       0.99999999999999989        0.0000000000000000     
  0.80900384776125367       0.22621155416434272      -0.18110694310944836       0.98346340814366406       0.99999999999999989        0.0000000000000000     
  0.78981453562125825       0.22304893072387003      -0.14752834532965123       0.98905782809919429        1.0000000000000000        0.0000000000000000     
  0.77054957441982685       0.22038107754145803      -0.12813822573874109       0.99175631840917833        1.0000000000000000        0.0000000000000000     
  0.75124065353184100       0.21805213845422869      -0.11067666447438401       0.99385646646828474       0.99999999999999989        0.0000000000000000     
  0.73188618398716454       0.21614206892914328       -8.2965121111379478E-002  0.99655245154430994        1.0000000000000000        0.0000000000000000     
  0.71247401661123766       0.21497928111128148       -3.1356192569050860E-002  0.99950827369640749        1.0000000000000000        0.0000000000000000     
  0.69303272734132637       0.21518066865111099        6.0105652635870137E-002  0.99819202086633418        1.0000000000000000        0.0000000000000000     
  0.67376235771618875       0.21767676088088994       0.20665545518176567       0.97841377895224746        1.0000000000000000        0.0000000000000000     
  0.65527742366298503       0.22360213021193165       0.41112988576501902       0.91157677517082591        1.0000000000000000        0.0000000000000000     
  0.63882570534001959       0.23385938381307278       0.64351734548128270       0.76543152931187997        1.0000000000000000        0.0000000000000000     
  0.62600932086031613       0.24839269902551084       0.83932490762274525       0.54363011270906469       0.99999999999999989        0.0000000000000000     
  0.61777711463270168       0.26595154970048224       0.95178022442098675       0.30678071060797835        1.0000000000000000        0.0000000000000000     
  0.61375125873377945       0.28494840620097334       0.99299246076285064       0.11817771730803758        1.0000000000000000        0.0000000000000000     
  0.61274479849862173       0.30435923569725004       0.99999069908543681       -4.3129737559412483E-003  0.99999999999999989        0.0000000000000000     
  0.61357777875870800       0.32378654449849498       0.99723715726023321       -7.4283592936320197E-002  0.99999999999999989        0.0000000000000000     
  0.61542088919667548       0.34314702038433398       0.99380494556100851      -0.11113833802284813        1.0000000000000000        0.0000000000000000     
  0.61778173721137075       0.36245203916770802       0.99159117250460249      -0.12940999424676519       0.99999999999999989        0.0000000000000000     
  0.62039060957834646       0.38172532745452881       0.99048015275282986      -0.13765561013896574        1.0000000000000000        0.0000000000000000     
  0.62310010105852243       0.40098477845476505       0.99011692244594440      -0.14024435776947280        1.0000000000000000        0.0000000000000000     
  0.62582280676330559       0.42024237076184362       0.99025817597978960      -0.13924347347427155        1.0000000000000000        0.0000000000000000     
  0.62849979807949341       0.43950636070644999       0.99075465961782883      -0.13566578214701069        1.0000000000000000        0.0000000000000000     
  0.63108721985227467       0.45878257105583392       0.99149844380621488      -0.13011854567990824        1.0000000000000000        0.0000000000000000     
  0.63355152470421161       0.47807489124027153       0.99239657997752850      -0.12308138790615278        1.0000000000000000        0.0000000000000000     
  0.63586811345235539       0.49738549335629612       0.99336524982432073      -0.11500208885696364        1.0000000000000000        0.0000000000000000     
  0.63802097320777829       0.51671502492157173       0.99433238465969154      -0.10631607976675672       0.99999999999999978        0.0000000000000000     
  0.64000237793229775       0.53606288136332991       0.99524168969981097       -9.7437051902575678E-002   1.0000000000000000        0.0000000000000000     
  0.64181228152192105       0.55542753596498418       0.99605500535463298       -8.8737964299289762E-002   1.0000000000000000        0.0000000000000000     
  0.64345733639690728       0.57480689821832265       0.99675208022498785       -8.0531301784830811E-002   1.0000000000000000        0.0000000000000000     
  0.64494955236836182       0.59419863681863194       0.99732799415280571       -7.3053898452726168E-002  0.99999999999999989        0.0000000000000000     
  0.64630474676603322       0.61360044334305031       0.99778911383312574       -6.6459644267073195E-002   1.0000000000000000        0.0000000000000000     
  0.64754092750919900       0.63301020532554342       0.99814867001434460       -6.0821316564137480E-002  0.99999999999999989        0.0000000000000000     
  0.64867680919419024       0.65242610359292363       0.99842286483926668       -5.6140742479517419E-002  0.99999999999999989        0.0000000000000000     
  0.64973057710957693       0.67184663738927686       0.99862800713730671       -5.2365096781838934E-002  0.99999999999999989        0.0000000000000000     
  0.65071902029637141       0.69127061042815785       0.99877873893788682       -4.9406787445092741E-002   1.0000000000000000        0.0000000000000000     
  0.65165705709608235       0.71069708564713485       0.99888711003659869       -4.7165044288457393E-002   1.0000000000000000        0.0000000000000000     
  0.65255770265054847       0.73012533258879297       0.99896213115812471       -4.5548441378576776E-002   1.0000000000000000        0.0000000000000000     
  0.65343246934309407       0.74955476285402800       0.99900947353921798       -4.4497997470612533E-002   1.0000000000000000        0.0000000000000000     
  0.65429221671695670       0.76898486449934411       0.99903116614208143       -4.4008284183696594E-002   1.0000000000000000        0.0000000000000000     
  0.65514830669846391       0.78841512756548038       0.99902554093453022       -4.4135796814708687E-002   1.0000000000000000        0.0000000000000000     
  0.65601357796197335       0.80784498357523415       0.99898866069365733       -4.4962826929507177E-002  0.99999999999999989        0.0000000000000000     
  0.65690158818601463       0.82727381222231366       0.99892123290074808       -4.6436736104613185E-002   1.0000000000000000        0.0000000000000000     
  0.65782021361296650       0.84670121762836159       0.99885164676324711       -4.7910205158708301E-002  0.99999999999999989        0.0000000000000000     
  0.65875109396592901       0.86612804083685546       0.99889057856855223       -4.7091528399310870E-002  0.99999999999999989        0.0000000000000000     
  0.65960075236502069       0.88555852099232346       0.99927117125667231       -3.8172323682458140E-002  0.99999999999999989        0.0000000000000000     
  0.66011006309802200       0.90500030728016900       0.99995378978211480       -9.6134437318899733E-003   1.0000000000000000        0.0000000000000000     
  0.65973405498961646       0.92444229250198928       0.99842521690210506        5.6098897083495289E-002   1.0000000000000000        0.0000000000000000     
  0.65757245777153506       0.94375895884544114       0.98437186428737122       0.17610233615544463        1.0000000000000000        0.0000000000000000     
  0.65252041163420738       0.96251264280451232       0.93636873681968402       0.35101793217257343       0.99999999999999989        0.0000000000000000     
  0.64375394019814880       0.97982803506474780       0.83473323849147818       0.55065453830648581        1.0000000000000000        0.0000000000000000     
  0.63124564798980043       0.99466345947100510       0.68479422374388943       0.72873648949877901        1.0000000000000000        0.0000000000000000     
  0.61573381529235227        1.0063342335597849       0.51443513662719331       0.85752929407884437        1.0000000000000000        0.0000000000000000     
  0.59820778137430353        1.0147025529465372       0.34775504542753577       0.93758542457724492        1.0000000000000000        0.0000000000000000     
  0.57949443344784901        1.0199209136998608       0.18965996665304752       0.98184983426650585       0.99999999999999989        0.0000000000000000     
  0.56018439771352213        1.0220546144653586        2.7324757501747100E-002  0.99962660910335455       0.99999999999999989        0.0000000000000000     
  0.54080396564488675        1.0208124749711776      -0.16130567466282447       0.98690449351574594       0.99999999999999989        0.0000000000000000     
  0.52214378423399777        1.0154984164019620      -0.39221293824936082       0.91987445397173806       0.99999999999999989        0.0000000000000000     
  0.50560925388112743        1.0053960978974783      -0.64561941741945872       0.76365932708961193       0.99999999999999989        0.0000000000000000     
  0.49299803545445781       0.99069772210056961      -0.85150128799296432       0.52435251171928499       0.99999999999999989        0.0000000000000000     
  0.48524587355888138       0.97292453068661655      -0.96021458328159659       0.27926323433876826        1.0000000000000000        0.0000000000000000     
  0.48172343772021492       0.95382604282254591      -0.99543744909134535        9.5416376720746335E-002  0.99999999999999989        0.0000000000000000     
  0.48106699300520428       0.93439830520723965      -0.99985336155009763       -1.7124701368777258E-002   1.0000000000000000        0.0000000000000000     
  0.48203444551820201       0.91497597585104795      -0.99719166422970518       -7.4891820586703531E-002   1.0000000000000000        0.0000000000000000     
  0.48374799027272131       0.89560288558342183      -0.99531347933413117       -9.6700971328038510E-002   1.0000000000000000        0.0000000000000000     
  0.48566041209068883       0.87624802845261462      -0.99523892541404602       -9.7465282745678325E-002   1.0000000000000000        0.0000000000000000     
  0.48747330650484999       0.85688366755550316      -0.99612541421718959       -8.7944068308399875E-002  0.99999999999999989        0.0000000000000000     
  0.48906179331149191       0.83749966375375395      -0.99715975121211664       -7.5315539980736479E-002   1.0000000000000000        0.0000000000000000     
  0.49041023401364542       0.81809746131535532      -0.99796708563421110       -6.3731436440418690E-002   1.0000000000000002        0.0000000000000000     
  0.49155953219268611       0.79868239769058191      -0.99848746544538192       -5.4979826740881768E-002  0.99999999999999989        0.0000000000000000     
  0.49256887834440011       0.77925951891036904      -0.99878438152692750       -4.9292587859362844E-002  0.99999999999999989        0.0000000000000000     
  0.49349334865394473       0.75983239730360908      -0.99893528724322500       -4.6133414140896743E-002   1.0000000000000000        0.0000000000000000     
  0.49437506179844837       0.74040328141799283      -0.99899686300175805       -4.4780215638682452E-002   1.0000000000000000        0.0000000000000000     
  0.49524300744224264       0.72097354426211835      -0.99900331510298745       -4.4636043879819426E-002  0.99999999999999989        0.0000000000000000     
  0.49611667363523593       0.70154406381256429      -0.99897235782384097       -4.5323595442947458E-002  0.99999999999999989        0.0000000000000000     
  0.49701020343625074       0.68211548780074227      -0.99891075313750843       -4.6661625199469349E-002   1.0000000000000000        0.0000000000000000     
  0.49793561779965212       0.66268840602054191      -0.99881822661368613       -4.8601956589123557E-002   1.0000000000000000        0.0000000000000000     
  0.49890478504852570       0.64326346005578749      -0.99869005980533954       -5.1168002169397826E-002   1.0000000000000000        0.0000000000000000     
  0.49993032972411533       0.62384141219908240      -0.99851882388749702       -5.4407337210433115E-002  0.99999999999999989        0.0000000000000000     
  0.50102574988825122       0.60442318415028251      -0.99829575051108421       -5.8357471771069501E-002   1.0000000000000000        0.0000000000000000     
  0.50220496793069302       0.58500986984192438      -0.99801220670727109       -6.3020911317461473E-002  0.99999999999999989        0.0000000000000000     
  0.50348146206849820       0.56560271436191167      -0.99766160660422964       -6.8347046080043036E-002   1.0000000000000000        0.0000000000000000     
  0.50486711055752942       0.54620305200454755      -0.99724185163059531       -7.4220545379171721E-002   1.0000000000000000        0.0000000000000000     
  0.50637087736029063       0.52681219149677472      -0.99675807748889189       -8.0457037980826540E-002   1.0000000000000000        0.0000000000000000     
  0.50799749139131944       0.50743125087951624      -0.99622518842717744       -8.6806531685322721E-002   1.0000000000000000        0.0000000000000000     
  0.50974625767830695       0.48806094803346489      -0.99566953177387163       -9.2963344911848544E-002   1.0000000000000000        0.0000000000000000     
  0.51161009290985371       0.46870137353910313      -0.99512934870354874       -9.8577783241716621E-002   1.0000000000000000        0.0000000000000000     
  0.51357470853651899       0.44935175827625889      -0.99465476199015190      -0.10325649834424128        1.0000000000000000        0.0000000000000000     
  0.51561744859627456       0.43001022584166310      -0.99431076547966746      -0.10651808133475688       0.99999999999999978        0.0000000000000000     
  0.51770425826414712       0.41067339013256199      -0.99419124276104520      -0.10762793697385784        1.0000000000000000        0.0000000000000000     
  0.51978119745307871       0.39133549650502408      -0.99445383895860751      -0.10517396151371329        1.0000000000000000        0.0000000000000000     
  0.52175374764203886       0.37198673611763666      -0.99536110767605124       -9.6209486673115172E-002  0.99999999999999989        0.0000000000000000     
  0.52344454364375681       0.35261162637755422      -0.99719058617488587       -7.4906173605302093E-002  0.99999999999999989        0.0000000000000000     
  0.52452271683202611       0.33319397501821013      -0.99951597213947663       -3.1109828641074713E-002  0.99999999999999989        0.0000000000000000     
  0.52441408195584671       0.31375046968049974      -0.99875688523487527        4.9846606664149494E-002   1.0000000000000000        0.0000000000000000     
  0.52224233170087819       0.29443770087351978      -0.98309154667683796       0.18311474777456480        1.0000000000000000        0.0000000000000000     
  0.51692356986954535       0.27576278668785831      -0.92821427025964953       0.37204605694234472        1.0000000000000000        0.0000000000000000     
  0.50757150332672440       0.25876798574868920      -0.80703058530010852       0.59050963954042646        1.0000000000000000        0.0000000000000000     
  0.49411535454763877       0.24480763944927106      -0.62014723398886751       0.78448544165966316        1.0000000000000000        0.0000000000000000     
  0.47749923215364676       0.23479459833300140      -0.41050013906621752       0.91186053529397582        1.0000000000000000        0.0000000000000000     
  0.45907807760580482       0.22864901304172539      -0.22918550475903340       0.97338276356649500        1.0000000000000000        0.0000000000000000     
  0.43989373126670761       0.22553677169547684       -9.9829533503125401E-002  0.99500455488432238        1.0000000000000000        0.0000000000000000     
  0.42048046252481625       0.22444655006063391       -1.9394268574525437E-002  0.99981191348496101        1.0000000000000000        0.0000000000000000     
  0.40103331211499693       0.22455522749951834        2.5986488639406721E-002  0.99966229418148711       0.99999999999999978        0.0000000000000000     
  0.38159985103985999       0.22532315245707793        5.0557211723665466E-002  0.99872116646375753        1.0000000000000000        0.0000000000000000     
  0.36218429574795036       0.22646200937080846        6.5838747779299919E-002  0.99783027579386163        1.0000000000000000        0.0000000000000000     
  0.34278764771033876       0.22788690253956218        8.1560420204151815E-002  0.99666839914593575        1.0000000000000000        0.0000000000000000     
  0.32342405637333388       0.22970281531321379       0.10788185622682241       0.99416372147501708       0.99999999999999978        0.0000000000000000     
  0.30414174663942817       0.23222952310689196       0.15678656940127875       0.98763250840349426        1.0000000000000000        0.0000000000000000     
  0.28507346213231111       0.23602917829304565       0.24064568035156392       0.97061303129936027       0.99999999999999989        0.0000000000000000     
  0.26653578445553805       0.24186611531558733       0.36659147432265571       0.93038201345143257        1.0000000000000000        0.0000000000000000     
  0.24914908527954963       0.25052284236804445       0.52792725748038205       0.84928959184087638        1.0000000000000000        0.0000000000000000     
  0.23384936122464106       0.26246791160107324       0.69908054330229064       0.71504293156157706        1.0000000000000000        0.0000000000000000     
  0.22162984594034124       0.27754335376746797       0.84403876799032296       0.53628216279247798        1.0000000000000000        0.0000000000000000     
  0.21306375508945516       0.29496353909278139       0.93816728693275175       0.34618223774370632        1.0000000000000000        0.0000000000000000     
  0.20798280965198268       0.31371314797449801       0.98305245029886046       0.18332452089506915        1.0000000000000000        0.0000000000000000     
  0.20561725304270459       0.33300686146760450       0.99766317363754287        6.8324168253013282E-002  0.99999999999999989        0.0000000000000000     
  0.20502330948693315       0.35244306849379381       0.99999987783692346       -4.9429357495797493E-004  0.99999999999999989        0.0000000000000000     
  0.20542213858570949       0.37188706140511757       0.99934303192002594       -3.6242303360714705E-002   1.0000000000000000        0.0000000000000000     
  0.20630859311053185       0.39131574488284449       0.99861392697580731       -5.2632925531050957E-002  0.99999999999999978        0.0000000000000000     
  0.20740694608797586       0.41073378517050418       0.99824432569385690       -5.9230618940013760E-002  0.99999999999999989        0.0000000000000000     
  0.20858375523429024       0.43014726000929826       0.99811975744486614       -6.1293962167587687E-002   1.0000000000000000        0.0000000000000000     
  0.20977812544141650       0.44955966581388818       0.99811923572331285       -6.1302457365997577E-002   1.0000000000000000        0.0000000000000000     
  0.21096239361836230       0.46897268970772066       0.99817533617239484       -6.0382102125768326E-002   1.0000000000000000        0.0000000000000000     
  0.21212473049733607       0.48838703854765009       0.99825061579580110       -5.9124513218325743E-002  0.99999999999999989        0.0000000000000000     
  0.21326269230410272       0.50780283151722450       0.99832030445784514       -5.7935910342339324E-002   1.0000000000000000        0.0000000000000000     
  0.21438098654510582       0.52721976780218416       0.99836529846776956       -5.7155321846364286E-002   1.0000000000000000        0.0000000000000000     
  0.21549056577895093       0.54663720464445509       0.99836911972334275       -5.7088534600547018E-002  0.99999999999999989        0.0000000000000000     
  0.21660808311638766       0.56605418543091279       0.99831563083110475       -5.8016387670154101E-002   1.0000000000000000        0.0000000000000000     
  0.21775540606519703       0.58546942481197561       0.99818673466945851       -6.0193377791283455E-002   1.0000000000000000        0.0000000000000000     
  0.21895902776751755       0.60488124825178013       0.99796024510597714       -6.3838461667071758E-002   1.0000000000000000        0.0000000000000000     
  0.22024921909986184       0.62428749835501796       0.99760852203406414       -6.9117557574109340E-002  0.99999999999999989        0.0000000000000000     
  0.22165876675788468       0.64368542702386122       0.99709874392766884       -7.6118952028159576E-002   1.0000000000000000        0.0000000000000000     
  0.22322119607789759       0.66307161864650888       0.99639579580780191       -8.4825810320544939E-002  0.99999999999999989        0.0000000000000000     
  0.22496848479308046       0.68244199927770788       0.99546842370037480       -9.5092678033018421E-002   1.0000000000000000        0.0000000000000000     
  0.22692842283434830       0.70179199702401862       0.99429836984105646      -0.10663372698831201        1.0000000000000000        0.0000000000000000     
  0.22912190634904545       0.72111689642706778       0.99289084506458858      -0.11902844108416827        1.0000000000000000        0.0000000000000000     
  0.23156052444012698       0.74041238735219572       0.99128356358085246      -0.13174557516078567        1.0000000000000000        0.0000000000000000     
  0.23424475115860960       0.75967525240846945       0.98955144885396418      -0.14418019999646434        1.0000000000000000        0.0000000000000000     
  0.23716290715545199       0.77890408745622552       0.98780537996214379      -0.15569370994951848       0.99999999999999989        0.0000000000000000     
  0.24029082246632769       0.79809994518853700       0.98618568020163488      -0.16564360586886151        1.0000000000000000        0.0000000000000000     
  0.24359184689522978       0.81726682544587559       0.98485396900253752      -0.17338586949330381       0.99999999999999989        0.0000000000000000     
  0.24701641819877526       0.83641204827295856       0.98399058958178143      -0.17822042423498566       0.99999999999999989        0.0000000000000000     
  0.25049956355300818       0.85554672045423896       0.98380919355483920      -0.17921905779513758        1.0000000000000002        0.0000000000000000     
  0.25395301811178894       0.87468675764595938       0.98460068312954008      -0.17481846235693524        1.0000000000000000        0.0000000000000000     
  0.25724567003985432       0.89385499028677051       0.98679233844605962      -0.16199037250453316       0.99999999999999989        0.0000000000000000     
  0.26016196281328097       0.91308360144480394       0.99087646792971507      -0.13477323659811782        1.0000000000000002        0.0000000000000000     
  0.26232489267318848       0.93240979552531800       0.99662123400436653       -8.2134742536966801E-002  0.99999999999999978        0.0000000000000000     
  0.26307665128813434       0.95183690206176186       0.99990298481849083        1.3929140356570127E-002  0.99999999999999989        0.0000000000000000     
  0.26135490101158221       0.97118814518850216       0.98445100689554144       0.17565937214494054        1.0000000000000000        0.0000000000000000     
  0.25576060512230059       0.98976402348150716       0.91211024139306540       0.40994500551401286        1.0000000000000000        0.0000000000000000     
  0.24523266230777940        1.0060233905802678       0.74288120083086284       0.66942327525422618       0.99999999999999989        0.0000000000000000     
  0.23014527188881032        1.0181695826239505       0.50028396718620383       0.86586139316661614       0.99999999999999989        0.0000000000000000     
  0.21220276762302742        1.0255356150780468       0.26422259575522383       0.96446172546782372        1.0000000000000000        0.0000000000000000     
  0.19306164543913668        1.0288281984824028        8.5224646829333256E-002  0.99636176139633914        1.0000000000000000        0.0000000000000000     
  0.17362836415628166        1.0292528671972809       -3.2271216108249491E-002  0.99947914866238952        1.0000000000000000        0.0000000000000000     
  0.15423165913884071        1.0278812912890225      -0.10219899234830852       0.99476397500260860       0.99999999999999989        0.0000000000000000     
  0.13493184514299433        1.0254854811067977      -0.13992222490811212       0.99016249725828520        1.0000000000000000        0.0000000000000000     
  0.11570301654995033        1.0225682522271529      -0.15752885660836549       0.98751438436898786       0.99999999999999989        0.0000000000000000     
   9.6508703236758711E-002   1.0194305727583650      -0.16386349561591734       0.98648302306959768        1.0000000000000000        0.0000000000000000     
   7.7326169009768186E-002   1.0162214839064312      -0.16600194926508730       0.98612542449740714        1.0000000000000000        0.0000000000000000     
   5.8153436201722850E-002   1.0129544535566464      -0.17112370797868684       0.98524955040214313       0.99999999999999989        0.0000000000000000     
   3.9015883398582939E-002   1.0094885040335997      -0.18813832419506821       0.98214254106472321        1.0000000000000000        0.0000000000000000     
   1.9984160629972096E-002   1.0054873941582507      -0.22812847388356086       0.97363103864018097       0.99999999999999989        0.0000000000000000     
   1.2195376114529982E-003   1.0003913584064497      -0.30242181690734715       0.95317419428898686        1.0000000000000000        0.0000000000000000     
  -1.6937834325789314E-002  0.99345622845042914      -0.41757086473833299       0.90864435997901893        1.0000000000000000        0.0000000000000000     
  -3.3857993666293454E-002  0.98391537933559359      -0.56805918276687839       0.82298770639313101       0.99999999999999989        0.0000000000000000     
  -4.8592709421606692E-002  0.97127834754606701      -0.73057793826135875       0.68282931697883509        1.0000000000000000        0.0000000000000000     
  -6.0104617515442084E-002  0.95565719584460895      -0.86869340491877900       0.49535014711880143        1.0000000000000000        0.0000000000000000     
  -6.7791448141935301E-002  0.93783298344191157      -0.95471315209778673       0.29752780913976501        1.0000000000000000        0.0000000000000000     
  -7.1915130731536742E-002  0.91884910665057840      -0.99080192140753010       0.13532018524649814        1.0000000000000000        0.0000000000000000     
  -7.3433504467576405E-002  0.89946838506294968      -0.99953782058608120        3.0399756874472432E-002   1.0000000000000000        0.0000000000000000     
  -7.3422897843098620E-002  0.88002172390676658      -0.99969528983541278       -2.4684559564432274E-002   1.0000000000000000        0.0000000000000000     
  -7.2674957818935806E-002  0.86058745603495335      -0.99882238590698036       -4.8516403525893731E-002   1.0000000000000000        0.0000000000000000     
  -7.1636007898846943E-002  0.84116616441388503      -0.99839498082852651       -5.6634461738471240E-002  0.99999999999999989        0.0000000000000000     
  -7.0515018756984071E-002  0.82174938494305172      -0.99831934519045551       -5.7952437554430428E-002   1.0000000000000000        0.0000000000000000     
  -6.9398859881346503E-002  0.80233232657298681      -0.99839933864041941       -5.6557586603153950E-002   1.0000000000000000        0.0000000000000000     
  -6.8321532245228675E-002  0.78291307872213656      -0.99853386109298625       -5.4130659064275492E-002   1.0000000000000000        0.0000000000000000     
  -6.7295285176488778E-002  0.76349106553745416      -0.99867905302700810       -5.1382380687143236E-002  0.99999999999999989        0.0000000000000000     
  -6.6322702469310296E-002  0.74406629091272769      -0.99881581136411757       -4.8651566974142385E-002   1.0000000000000000        0.0000000000000000     
  -6.5401571523079141E-002  0.72463900795325631      -0.99893631311928111       -4.6111195296345123E-002  0.99999999999999989        0.0000000000000000     
  -6.4527291747093721E-002  0.70520955861414514      -0.99903849958058333       -4.3841491258588335E-002   1.0000000000000000        0.0000000000000000     
  -6.3694308010363160E-002  0.68577829466250118      -0.99912328422261687       -4.1864817259986316E-002   1.0000000000000000        0.0000000000000000     
  -6.2897005320681029E-002  0.66634553234646998      -0.99919293486592231       -4.0168133066211892E-002  0.99999999999999989        0.0000000000000000     
  -6.2130232578564988E-002  0.64691154165304010      -0.99925014024293668       -3.8718951748097016E-002  0.99999999999999989        0.0000000000000000     
  -6.1389566325439543E-002  0.62747653712992024      -0.99929750878775425       -3.7476511718517506E-002   1.0000000000000000        0.0000000000000000     
  -6.0671393034911501E-002  0.60804068907143993      -0.99933732958032861       -3.6399199266709710E-002   1.0000000000000000        0.0000000000000000     
  -5.9972878646776230E-002  0.58860412336363654      -0.99937148314655255       -3.5449099755280600E-002   1.0000000000000000        0.0000000000000000     
  -5.9291868773503072E-002  0.56916693733440726      -0.99940143354842925       -3.4594430496029262E-002   1.0000000000000000        0.0000000000000000     
  -5.8626759692180563E-002  0.54972919958949984      -0.99942826225671744       -3.3810480660855284E-002   1.0000000000000000        0.0000000000000000     
  -5.7976358589123499E-002  0.53029096512341767      -0.99945272148259590       -3.3079563495196168E-002   1.0000000000000000        0.0000000000000000     
  -5.7339753965276026E-002  0.51085227282769807      -0.99947529411154579       -3.2390376049672161E-002  0.99999999999999989        0.0000000000000000     
  -5.6716198771885905E-002  0.49141315858186585      -0.99949625258972907       -3.1737061286269366E-002   1.0000000000000000        0.0000000000000000     
  -5.6105016066376960E-002  0.47197365029301519      -0.99951571223181057       -3.1118177995128088E-002   1.0000000000000000        0.0000000000000000     
  -5.5505521290676388E-002  0.45253377908824777      -0.99953367653405312       -3.0535708184338338E-002   1.0000000000000000        0.0000000000000000     
  -5.4916966164499550E-002  0.43309357249864594      -0.99955007361050718       -2.9994171854374814E-002   1.0000000000000000        0.0000000000000000     
  -5.4338495169392452E-002  0.41365306424618092      -0.99956478395107029       -2.9499876014150619E-002   1.0000000000000000        0.0000000000000000     
  -5.3769118698325589E-002  0.39421228641568939      -0.99957766038104257       -2.9060297093476076E-002   1.0000000000000000        0.0000000000000000     
  -5.3207693648215190E-002  0.37477127833452045      -0.99958854145032972       -2.8683580690048876E-002  0.99999999999999989        0.0000000000000000     
  -5.2652916187352981E-002  0.35533007834217106      -0.99959725959238444       -2.8378136221312605E-002  0.99999999999999989        0.0000000000000000     
  -5.2103318262544364E-002  0.33588873223597132      -0.99960364537949209       -2.8152302641713395E-002   1.0000000000000000        0.0000000000000000     
  -5.1557273529640055E-002  0.31644728494925667      -0.99960752918332396       -2.8014060755451469E-002   1.0000000000000002        0.0000000000000000     
  -5.1013005241867929E-002  0.29700578886818663      -0.99960874166432379       -2.7970763097692395E-002  0.99999999999999989        0.0000000000000000     
  -5.0468602928793266E-002  0.27756429550605738      -0.99960711480868025       -2.8028842713641172E-002  0.99999999999999989        0.0000000000000000     
  -4.9922041774973225E-002  0.25812286377388438      -0.99960248464594192       -2.8193486653116630E-002   1.0000000000000000        0.0000000000000000     
  -4.9371210124428494E-002  0.23868155156271365      -0.99959468723697054       -2.8468601083001248E-002  0.99999999999999989        0.0000000000000000     
  -4.8813916324235838E-002  0.21924042463150450      -0.99958348062909930       -2.8859404938687723E-002   1.0000000000000000        0.0000000000000000     
  -4.8247748664198002E-002  0.19979955315875164      -0.99956806418717503       -2.9388519137646563E-002   1.0000000000000000        0.0000000000000000     
  -4.7669215429849796E-002  0.18035904706671135      -0.99954496080393873       -3.0164073522198253E-002   1.0000000000000000        0.0000000000000000     
  -4.7070285511950215E-002  0.16091915866631246      -0.99950044453223386       -3.1604768309021848E-002  0.99999999999999989        0.0000000000000000     
  -4.6427420839382186E-002  0.14148068234412625      -0.99938629472902973       -3.5029043774859249E-002   1.0000000000000000        0.0000000000000000     
  -4.5673593597111678E-002  0.12204624552847408      -0.99903837525690398       -4.3844324194192714E-002   1.0000000000000000        0.0000000000000000     
  -4.4641526647065485E-002  0.10262490482663712      -0.99786958956405380       -6.5240188712687122E-002   1.0000000000000000        0.0000000000000000     
  -4.2976772946233074E-002   8.3248898825021886E-002 -0.99378694570458470      -0.11129917586016939       0.99999999999999989        0.0000000000000000     
  -4.0053983554908752E-002   6.4026837901830641E-002 -0.98039358579362057      -0.19704927539761963        1.0000000000000000        0.0000000000000000     
  -3.4985065891713095E-002   4.5266537870208796E-002 -0.94306834350438995      -0.33259900703382445        1.0000000000000000        0.0000000000000000     
  -2.6838755088039401E-002   2.7640136541741484E-002 -0.86015604571621529      -0.51003095692109157        1.0000000000000000        0.0000000000000000     
  -1.5087771063772532E-002   1.2198566584026307E-002 -0.71806861155737667      -0.69597231920246749        1.0000000000000000        0.0000000000000000     
