  -1.2114875075353027E-015 -0.99999999999999833      -0.30902120893889357      -0.95105514688999226       0.99999999999999989        0.0000000000000000     
   2.4590893755387869E-002  -1.0070296879242868      -0.24612482560841836      -0.96923813906553724        1.0000000000000000        0.0000000000000000     
   4.9506723081450155E-002  -1.0128164746574442      -0.20951410388010466      -0.97780562499676626       0.99999999999999989        0.0000000000000000     
   7.4585805892114013E-002  -1.0178532016840121      -0.18521649013962099      -0.98269774182113590        1.0000000000000000        0.0000000000000000     
   9.9778348157003677E-002  -1.0222875678189645      -0.16039794859819481      -0.98705242924856373        1.0000000000000000        0.0000000000000000     
  0.12509321810350574       -1.0259540406165473      -0.12321244616717526      -0.99238031676847616       0.99999999999999989        0.0000000000000000     
  0.15055427473364907       -1.0283799624155310       -6.1155447094390171E-002 -0.99812825392866489        1.0000000000000000        0.0000000000000000     
  0.17612111119083002       -1.0287423264630571        4.0962159993554785E-002 -0.99916069851083633        1.0000000000000000        0.0000000000000000     
  0.20150228910131285       -1.0257868600135724       0.20131246986538179      -0.97952707439697639       0.99999999999999989        0.0000000000000000     
  0.22575031513822658       -1.0178384911324581       0.43116230272714690      -0.90227438659590919        1.0000000000000000        0.0000000000000000     
  0.24672569464392805       -1.0033954176445956       0.69689308888725487      -0.71717502930678001        1.0000000000000000        0.0000000000000000     
  0.26161549985889315      -0.98275212364068798       0.89811895664084751      -0.43975258921620408       0.99999999999999989        0.0000000000000000     
  0.26939852428577166      -0.95846877306422118       0.98363207167235511      -0.18018864441898416        1.0000000000000000        0.0000000000000000     
  0.27155468835280189      -0.93301342214353256       0.99999692545931973       -2.4797322250203167E-003   1.0000000000000000        0.0000000000000000     
  0.27015055609261829      -0.90748320146233596       0.99476420274065447       0.10219677561327498       0.99999999999999989        0.0000000000000000     
  0.26673965264089711      -0.88213453428227029       0.98742034082244867       0.15811726828553366        1.0000000000000000        0.0000000000000000     
  0.26231976908791649      -0.85693948655552343       0.98302550642717945       0.18346894482060880        1.0000000000000000        0.0000000000000000     
  0.25751633776816824      -0.83181406894821863       0.98187257318032350       0.18954221175308270       0.99999999999999989        0.0000000000000000     
  0.25272815237402246      -0.80668574312018526       0.98308390492168762       0.18315576945301565        1.0000000000000000        0.0000000000000000     
  0.24821510297835353      -0.78150673951600369       0.98568209802392537       0.16861435773727243       0.99999999999999989        0.0000000000000000     
  0.24414507260969232      -0.75625253074669685       0.98884214016712257       0.14896718373421949        1.0000000000000000        0.0000000000000000     
  0.24061582972774015      -0.73091720496847357       0.99193740342108849       0.12672879583673508        1.0000000000000000        0.0000000000000000     
  0.23766418781408569      -0.70550812233401405       0.99455991319162973       0.10416611287869985        1.0000000000000000        0.0000000000000000     
  0.23527241702147875      -0.68004015849635768       0.99652888277870177        8.3247737433712818E-002   1.0000000000000000        0.0000000000000000     
  0.23337857980102686      -0.65453020349280400       0.99785774119653048        6.5421161210713327E-002   1.0000000000000000        0.0000000000000000     
  0.23189250857603266      -0.62899311769891453       0.99867669445567397        5.1428201904096006E-002  0.99999999999999989        0.0000000000000000     
  0.23071433173982817      -0.60343987569166402       0.99914667710806226        4.1302755645569782E-002   1.0000000000000000        0.0000000000000000     
  0.22975056897704213      -0.57787758781499121       0.99940290210496763        3.4551979164277366E-002  0.99999999999999989        0.0000000000000000     
  0.22892430777203385      -0.55231045572138482       0.99953730176889832        3.0416810689984673E-002  0.99999999999999989        0.0000000000000000     
  0.22817893787915455      -0.52674082490774599       0.99960510258220014        2.8100514081225273E-002   1.0000000000000000        0.0000000000000000     
  0.22747710706181157      -0.50116995791600161       0.99963786681307254        2.6909760931861572E-002   1.0000000000000000        0.0000000000000000     
  0.22679721784525117      -0.47559849686198274       0.99965384538321067        2.6309492784167242E-002   1.0000000000000000        0.0000000000000000     
  0.22612932339278896      -0.45002671965852686       0.99966401281746642        2.5920290848687456E-002   1.0000000000000000        0.0000000000000000     
  0.22547149796129218      -0.42445468127891084       0.99967511471460235        2.5488527229848217E-002   1.0000000000000000        0.0000000000000000     
  0.22482709240838400      -0.39888230170277961       0.99969122188344539        2.4848760314830087E-002   1.0000000000000000        0.0000000000000000     
  0.22420299381005437      -0.37330941870774409       0.99971477800725250        2.3882266096624374E-002   1.0000000000000000        0.0000000000000000     
  0.22360917419611379      -0.34773581630943101       0.99974795340716649        2.2450604851143845E-002   1.0000000000000000        0.0000000000000000     
  0.22306096161318856      -0.32216119814767602       0.99979533606185400        2.0230817802659187E-002   1.0000000000000000        0.0000000000000000     
  0.22258845352501622      -0.29658508089631996       0.99986741387041111        1.6283570864403792E-002  0.99999999999999989        0.0000000000000000     
  0.22226313285665061      -0.27100672153784999       0.99996721823232548        8.0970649438424479E-003   1.0000000000000000        0.0000000000000000     
  0.22225739884809684      -0.24542657190619999       0.99994985584729867       -1.0014279353332170E-002   1.0000000000000000        0.0000000000000000     
  0.22294823276851652      -0.21985698052049266       0.99882037580500604       -4.8557768449000546E-002   1.0000000000000000        0.0000000000000000     
  0.22504397565904724      -0.19436836566317564       0.99246176935982378      -0.12255462602108552        1.0000000000000000        0.0000000000000000     
  0.22964376522108762      -0.16922196810503048       0.96926622345905911      -0.24601420296684773       0.99999999999999989        0.0000000000000000     
  0.23806395960665100      -0.14510542456666625       0.90781248049206908      -0.41937632296403776        1.0000000000000000        0.0000000000000000     
  0.25131170158163618      -0.12328989977391878       0.78710176008057375      -0.61682316694338168        1.0000000000000000        0.0000000000000000     
  0.26943182866231574      -0.10532881034799650       0.60993819773483138      -0.79244898570443378        1.0000000000000000        0.0000000000000000     
  0.29135704072722868       -9.2262534386052183E-002  0.41226053951927683      -0.91106599517009457        1.0000000000000000        0.0000000000000000     
  0.31553548180047397       -8.4020832617659857E-002  0.23914902107973712      -0.97098287611914336        1.0000000000000000        0.0000000000000000     
  0.34071358452241196       -7.9597900413952441E-002  0.11550134562254549      -0.99330732362113450       0.99999999999999989        0.0000000000000000     
  0.36621678420032427       -7.7688821403417485E-002   4.1017397312505387E-002 -0.99915843244087577        1.0000000000000000        0.0000000000000000     
  0.39179091425357326       -7.7194554788294414E-002   2.2717856254860116E-003 -0.99999741949170640        1.0000000000000000        0.0000000000000000     
  0.41737029386911478       -7.7394843099108282E-002  -1.5470617694461836E-002 -0.99988032283276385        1.0000000000000000        0.0000000000000000     
  0.44294577061978879       -7.7898857287111822E-002  -2.2825042987382655E-002 -0.99973947476961433        1.0000000000000000        0.0000000000000000     
  0.46851857785065260       -7.8525670296276093E-002  -2.5742728639593041E-002 -0.99966860104846167       0.99999999999999989        0.0000000000000000     
  0.49409013456968542       -7.9201950610389371E-002  -2.6975760971695767E-002 -0.99963608794400671       0.99999999999999989        0.0000000000000000     
  0.51966106669594336       -7.9901396057178872E-002  -2.7681847246005004E-002 -0.99961678423936484        1.0000000000000000        0.0000000000000000     
  0.54523147513738845       -8.0619810898061514E-002  -2.8596015836468647E-002 -0.99959105031921958       0.99999999999999989        0.0000000000000000     
  0.57080076914484268       -8.1376593035029740E-002  -3.0996799491595915E-002 -0.99951948376271182        1.0000000000000000        0.0000000000000000     
  0.59636653498945980       -8.2243180179866454E-002  -3.7912094369772706E-002 -0.99928107812591827       0.99999999999999989        0.0000000000000000     
  0.62192018167129781       -8.3407570024739100E-002  -5.5701378599423583E-002 -0.99844747304108272        1.0000000000000002        0.0000000000000000     
  0.64743058109857532       -8.5277358155241220E-002  -9.5252230364437945E-002 -0.99545316947137197        1.0000000000000000        0.0000000000000000     
  0.67278970879436539       -8.8587944005276642E-002 -0.17075572000849248      -0.98531339384197025        1.0000000000000000        0.0000000000000000     
  0.69767898939400486       -9.4420178138221719E-002 -0.29348804488447305      -0.95596274378758594       0.99999999999999989        0.0000000000000000     
  0.72136535724003936      -0.10398754554270362      -0.46046115264307630      -0.88767985608923772        1.0000000000000000        0.0000000000000000     
  0.74261218328392964      -0.11813709937483122      -0.64551249676738309      -0.76374970803080466        1.0000000000000000        0.0000000000000000     
  0.76000540990837817      -0.13681161100022290      -0.80740635082831980      -0.58999574968138224        1.0000000000000000        0.0000000000000000     
  0.77266208050097207      -0.15898260189511296      -0.91621933654463383      -0.40067708612012137        1.0000000000000000        0.0000000000000000     
  0.78073015264949408      -0.18322376399195334      -0.97148784047026915      -0.23708938360545134       0.99999999999999989        0.0000000000000000     
  0.78521027551676459      -0.20839395611598532      -0.99256428112617701      -0.12172159969568078        1.0000000000000000        0.0000000000000000     
  0.78736232638675063      -0.23387874937102132      -0.99857214154341911       -5.3419829028085307E-002   1.0000000000000000        0.0000000000000000     
  0.78822918141051668      -0.25944327226873420      -0.99982614170920292       -1.8646349639782848E-002  0.99999999999999989        0.0000000000000000     
  0.78847771523072019      -0.28502230161175862      -0.99999559029386675       -2.9697462553123092E-003   1.0000000000000000        0.0000000000000000     
  0.78845672524547394      -0.31060274560985224      -0.99999324001300938        3.6769455100650363E-003   1.0000000000000000        0.0000000000000000     
  0.78831979391551477      -0.33618286733854441      -0.99997767874512633        6.6814677660653778E-003  0.99999999999999989        0.0000000000000000     
  0.78812573035269518      -0.36176262683900667      -0.99996498208274420        8.3686682487249253E-003  0.99999999999999989        0.0000000000000000     
  0.78789558102088808      -0.38734208764104716      -0.99995413027432645        9.5779615428020232E-003  0.99999999999999989        0.0000000000000000     
  0.78763729291394469      -0.41292128097430936      -0.99994383606767312        1.0598335259213526E-002   1.0000000000000000        0.0000000000000000     
  0.78735366597575551      -0.43850020547213131      -0.99993290601489271        1.1583758829140013E-002   1.0000000000000000        0.0000000000000000     
  0.78704349622790803      -0.46407882186266980      -0.99991925073601473        1.2707950563600598E-002   1.0000000000000000        0.0000000000000000     
  0.78670020652014205      -0.48965701399592110      -0.99989883656708733        1.4223805109222918E-002   1.0000000000000000        0.0000000000000000     
  0.78630939824160417      -0.51523452109886803      -0.99986396905849839        1.6493737556611661E-002  0.99999999999999978        0.0000000000000000     
  0.78584582999184183      -0.54081080559201677      -0.99979990578984468        2.0003709221486754E-002   1.0000000000000000        0.0000000000000000     
  0.78527034110806104      -0.56638479877167835      -0.99967861643597988        2.5350815384224779E-002   1.0000000000000000        0.0000000000000000     
  0.78452762196202619      -0.59195444719394597      -0.99944917574099912        3.3186520013966714E-002   1.0000000000000000        0.0000000000000000     
  0.78354616170917835      -0.61751598261374319      -0.99902703717186414        4.4101916053694089E-002   1.0000000000000000        0.0000000000000000     
  0.78224184362412974      -0.64306298587103827      -0.99828970010585560        5.8460881472664317E-002   1.0000000000000000        0.0000000000000000     
  0.78052609703070763      -0.66858554009375171      -0.99709102864239552        7.6219948837884799E-002  0.99999999999999989        0.0000000000000000     
  0.77831811289725783      -0.69407011159845677      -0.99530349803458973        9.6803650758169088E-002  0.99999999999999989        0.0000000000000000     
  0.77555878832578595      -0.71950081157367185      -0.99288201543294718       0.11910207147572599        1.0000000000000000        0.0000000000000000     
  0.77222293020222643      -0.74486231350051912      -0.98992315509368300       0.14160560373575706        1.0000000000000000        0.0000000000000000     
  0.76832686738694522      -0.77014388531850464      -0.98669011269469775       0.16261187383006459       0.99999999999999989        0.0000000000000000     
  0.76393113222568343      -0.79534351954843963      -0.98359666076908514       0.18038184200164234        1.0000000000000000        0.0000000000000000     
  0.75914122107940174      -0.82047138118687191      -0.98117654415482358       0.19311289237230550       0.99999999999999978        0.0000000000000000     
  0.75411268551211186      -0.84555272598583531      -0.98007939590466497       0.19860608682300540       0.99999999999999989        0.0000000000000000     
  0.74907022935681433      -0.87063128200518825      -0.98110611287590743       0.19347039896978374        1.0000000000000000        0.0000000000000000     
  0.74435595267666244      -0.89577308758016527      -0.98517137107839081       0.17157321937739511        1.0000000000000000        0.0000000000000000     
  0.74053229107840313      -0.92106341795834845      -0.99262772444100189       0.12120313804138290       0.99999999999999989        0.0000000000000000     
  0.73858027414427929      -0.94655847432150420      -0.99979067827034473        2.0459707811310266E-002  0.99999999999999978        0.0000000000000000     
  0.74021223085518406      -0.97204974837561897      -0.98622170052265246      -0.16542901020742284        1.0000000000000000        0.0000000000000000     
  0.74797081585891656      -0.99631918492621985      -0.89002712040480492      -0.45590758377540835        1.0000000000000000        0.0000000000000000     
  0.76367768026547445       -1.0163023758824559      -0.65047240102030646      -0.75952989112402791        1.0000000000000000        0.0000000000000000     
  0.78566919865132212       -1.0291172419523402      -0.35513257043791824      -0.93481594841666948        1.0000000000000000        0.0000000000000000     
  0.81049160038430523       -1.0350382422396536      -0.12199697136762715      -0.99253047256853855        1.0000000000000000        0.0000000000000000     
  0.83602705394941212       -1.0360527662377161        3.0722571169725207E-002 -0.99952795039494580        1.0000000000000000        0.0000000000000000     
  0.86151395263278729       -1.0339769211654750       0.12348869252828121      -0.99234597939310243       0.99999999999999989        0.0000000000000000     
  0.88679016940814337       -1.0300638312425643       0.17753942181051002      -0.98411368941966759       0.99999999999999989        0.0000000000000000     
  0.91187849971895119       -1.0250760207534884       0.21015874530628573      -0.97766727559599120        1.0000000000000000        0.0000000000000000     
  0.93681244447598455       -1.0193645163416167       0.23659828747012646      -0.97160755985439073        1.0000000000000000        0.0000000000000000     
  0.96156075530745666       -1.0128983106467409       0.27159056117788116      -0.96241288804706049        1.0000000000000000        0.0000000000000000     
  0.98597579256751267       -1.0052778701950869       0.32897036445074451      -0.94434024552231410        1.0000000000000000        0.0000000000000000     
   1.0097191970527370      -0.99578595629192468       0.41915947655136376      -0.90791262421952634       0.99999999999999989        0.0000000000000000     
   1.0321457357589765      -0.98352680716905727       0.54483347940592708      -0.83854426222974743       0.99999999999999989        0.0000000000000000     
   1.0521901707230970      -0.96769755919352551       0.69495172426252971      -0.71905639621975193        1.0000000000000000        0.0000000000000000     
   1.0684400528936269      -0.94801393315964511       0.83975661606863505      -0.54296300589354629        1.0000000000000000        0.0000000000000000     
   1.0797161455408408      -0.92511531091847488       0.94091089220031132      -0.33865423803462769        1.0000000000000000        0.0000000000000000     
   1.0860457966373018      -0.90036560287036105       0.98609907558357435      -0.16615839772103091       0.99999999999999989        0.0000000000000000     
   1.0888122328032670      -0.87494703013717179       0.99810053248553232       -6.1606225757603696E-002   1.0000000000000000        0.0000000000000000     
   1.0896859886476251      -0.84938387163232310       0.99990311348721939       -1.3919900810174475E-002   1.0000000000000000        0.0000000000000000     
   1.0897821473564082      -0.82380386270160655       0.99999498357574879        3.1674632338693979E-003   1.0000000000000000        0.0000000000000000     
   1.0896277800090874      -0.79822385221500569       0.99997008634525664        7.7347536909707281E-003   1.0000000000000000        0.0000000000000000     
   1.0894211240259257      -0.77264418861291739       0.99996744956437422        8.0684454339527718E-003   1.0000000000000000        0.0000000000000000     
   1.0892244994332512      -0.74706444726885790       0.99997389155812677        7.2260779192958200E-003   1.0000000000000000        0.0000000000000000     
   1.0890527141421871      -0.72148452677544261       0.99998069940113865        6.2129562375423152E-003   1.0000000000000000        0.0000000000000000     
   1.0889054438157337      -0.69590445360584163       0.99998577858105964        5.3331637544695772E-003   1.0000000000000000        0.0000000000000000     
   1.0887781104656280      -0.67032427269917061       0.99998915763590923        4.6566737726338259E-003  0.99999999999999989        0.0000000000000000     
   1.0886655527804496      -0.64474402257244812       0.99999129276574661        4.1730555580919071E-003   1.0000000000000000        0.0000000000000000     
   1.0885632764725064      -0.61916372890440807       0.99999260387272049        3.8460629033474514E-003   1.0000000000000000        0.0000000000000000     
   1.0884677940421967      -0.59358340908521057       0.99999339191730907        3.6353984259277212E-003  0.99999999999999989        0.0000000000000000     
   1.0883765986438345      -0.56800307345972600       0.99999385537908025        3.5055961095399940E-003   1.0000000000000000        0.0000000000000000     
   1.0882879933282474      -0.54242272882231568       0.99999412115863207        3.4289427197355905E-003   1.0000000000000000        0.0000000000000000     
   1.0882008891934427      -0.51684237894498397       0.99999426918266365        3.3854987565292041E-003   1.0000000000000000        0.0000000000000000     
   1.0881146204973831      -0.49126202630077559       0.99999434898425343        3.3618446661486689E-003   1.0000000000000000        0.0000000000000000     
   1.0880287986983093      -0.46568167209427841       0.99999439053569372        3.3494622175294420E-003  0.99999999999999989        0.0000000000000000     
   1.0879432068904191      -0.44010131717505974       0.99999441140456469        3.3432259328828248E-003   1.0000000000000000        0.0000000000000000     
   1.0878577288912803      -0.41452096181227477       0.99999442150874540        3.3402022977217344E-003  0.99999999999999989        0.0000000000000000     
   1.0877723052936690      -0.38894060634064892       0.99999442622446311        3.3387902011003338E-003   1.0000000000000000        0.0000000000000000     
   1.0876869065403845      -0.36336025069904943       0.99999442834637065        3.3381546122714101E-003   1.0000000000000000        0.0000000000000000     
   1.0876015189793933      -0.33777989512477746       0.99999442926728999        3.3378787256244358E-003   1.0000000000000000        0.0000000000000000     
   1.0875161359923864      -0.31219953940997625       0.99999442965305019        3.3377631538169012E-003  0.99999999999999989        0.0000000000000000     
   1.0874307551260363      -0.28661918383618901       0.99999442980916475        3.3377163815255708E-003  0.99999999999999989        0.0000000000000000     
   1.0873453748534221      -0.26103882808787043       0.99999442987029885        3.3376980654477723E-003  0.99999999999999989        0.0000000000000000     
   1.0872599950796136      -0.23545847253589697       0.99999442989352516        3.3376911066803922E-003   1.0000000000000000        0.0000000000000000     
   1.0871746152097230      -0.20987811676037946       0.99999442990212573        3.3376885298923541E-003   1.0000000000000000        0.0000000000000000     
   1.0870892355997166      -0.18429776123352165       0.99999442990525478        3.3376875924064141E-003   1.0000000000000000        0.0000000000000000     
   1.0870038557791371      -0.15871740543293647       0.99999442990638887        3.3376872526201013E-003   1.0000000000000000        0.0000000000000000     
   1.0869184761941855      -0.13313704992853595       0.99999442990680776        3.3376871271311478E-003   1.0000000000000000        0.0000000000000000     
   1.0868330963816295      -0.10755669411157755       0.99999442990697074        3.3376870783002094E-003   1.0000000000000000        0.0000000000000000     
   1.0867477167935065       -8.1976338615330366E-002  0.99999442990704068        3.3376870573478636E-003   1.0000000000000000        0.0000000000000000     
   1.0866623369914850       -5.6395982796141608E-002  0.99999442990707599        3.3376870467606156E-003   1.0000000000000000        0.0000000000000000     
   1.0865769573929682       -3.0815627297811930E-002  0.99999442990709941        3.3376870397645391E-003   1.0000000000000000        0.0000000000000000     
   1.0864915776038893       -5.2352714852308040E-003  0.99999442990712162        3.3376870330902256E-003   1.0000000000000000        0.0000000000000000     
   1.0864061979917428        2.0345084024416232E-002  0.99999442990715104        3.3376870242884421E-003  0.99999999999999989        0.0000000000000000     
   1.0863208182184259        4.5925439820839103E-002  0.99999442990719722        3.3376870104331398E-003   1.0000000000000000        0.0000000000000000     
   1.0862354385905615        7.1505795351586673E-002  0.99999442990727561        3.3376869869486737E-003   1.0000000000000000        0.0000000000000000     
   1.0861500588360498        9.7086151121928616E-002  0.99999442990741361        3.3376869456148203E-003  0.99999999999999989        0.0000000000000000     
   1.0860646791919444       0.12266650668375820       0.99999442990766640        3.3376868698717478E-003   1.0000000000000000        0.0000000000000000     
   1.0859792994609434       0.14824686241808727       0.99999442990816012        3.3376867219468724E-003   1.0000000000000000        0.0000000000000000     
   1.0858939198051973       0.17382721802084580       0.99999442990921772        3.3376864050777642E-003   1.0000000000000000        0.0000000000000000     
   1.0858085401131492       0.19940757370957762       0.99999442991173515        3.3376856508385393E-003   1.0000000000000000        0.0000000000000000     
   1.0857231604813951       0.22498792936274434       0.99999442991828746        3.3376836877262502E-003  0.99999999999999989        0.0000000000000000     
   1.0856377809292741       0.25056828499721173       0.99999442993628629        3.3376782951424306E-003  0.99999999999999989        0.0000000000000000     
   1.0855524016036886       0.27614864071028955       0.99999442998665466        3.3376632043405022E-003   1.0000000000000000        0.0000000000000000     
   1.0854670229870129       0.30172899628511551       0.99999443012665845        3.3376212576689624E-003   1.0000000000000000        0.0000000000000000     
   1.0853816461609544       0.32730935207288481       0.99999443050730741        3.3375072084055588E-003   1.0000000000000000        0.0000000000000000     
   1.0852962743524419       0.35288970760083083       0.99999443151090217        3.3372064946166386E-003   1.0000000000000000        0.0000000000000000     
   1.0852109152051232       0.37847006352007517       0.99999443406447597        3.3364412280773095E-003   1.0000000000000000        0.0000000000000000     
   1.0851255879542363       0.40405041912174749       0.99999444031716156        3.3345666535511847E-003  0.99999999999999989        0.0000000000000000     
   1.0850403366557091       0.42963077547757494       0.99999445502255813        3.3301537707927679E-003  0.99999999999999989        0.0000000000000000     
   1.0849552605500195       0.45521113183715045       0.99999448818322012        3.3201811968139893E-003  0.99999999999999989        0.0000000000000000     
   1.0848705706293169       0.48079149013680489       0.99999455972423712        3.2985636160606799E-003   1.0000000000000000        0.0000000000000000     
   1.0847866987906207       0.50637185039107013       0.99999470688102077        3.2536456385706533E-003   1.0000000000000000        0.0000000000000000     
   1.0847044859155037       0.53195221684381477       0.99999499377493117        3.1642416272133155E-003   1.0000000000000000        0.0000000000000000     
   1.0846254967578361       0.55753259253302812       0.99999551826780331        2.9939011853323469E-003   1.0000000000000000        0.0000000000000000     
   1.0845525006783401       0.58311298693165392       0.99999639950522368        2.6834635434898617E-003  0.99999999999999989        0.0000000000000000     
   1.0844901604500479       0.60869340825700124       0.99999770425049728        2.1427771080895462E-003   1.0000000000000000        0.0000000000000000     
   1.0844459175586845       0.63427386784856221       0.99999922647600248        1.2438036005729314E-003  0.99999999999999989        0.0000000000000000     
   1.0844309989692837       0.65985435890883037       0.99999998366474652       -1.8074984618324466E-004  0.99999999999999989        0.0000000000000000     
   1.0844613137869263       0.68543483475563871       0.99999729403148185       -2.3263554573894484E-003   1.0000000000000000        0.0000000000000000     
   1.0845577915356694       0.71101514046569592       0.99998552275030617       -5.3809190476120641E-003   1.0000000000000000        0.0000000000000000     
   1.0847452272478930       0.73659493481530669       0.99995546737233365       -9.4373339549780489E-003   1.0000000000000000        0.0000000000000000     
   1.0850475519226042       0.76217362071218142       0.99989800219270875       -1.4282339130190936E-002   1.0000000000000000        0.0000000000000000     
   1.0854743104277829       0.78775053634832570       0.99982185895188636       -1.8874595677636944E-002   1.0000000000000000        0.0000000000000000     
   1.0859859425457024       0.81332591483840366       0.99979738705070931       -2.0129203823652065E-002   1.0000000000000000        0.0000000000000000     
   1.0864142591821964       0.83890272832717605       0.99994389873691158       -1.0592420819866567E-002   1.0000000000000000        0.0000000000000000     
   1.0863129964734657       0.86448172608784168       0.99970190428619077        2.4415211786177924E-002  0.99999999999999989        0.0000000000000000     
   1.0847640174176669       0.89000808098095452       0.99432591376060764       0.10637658212281807        1.0000000000000000        0.0000000000000000     
   1.0803207692410854       0.91517594296203220       0.96778507189075069       0.25177778818913821        1.0000000000000000        0.0000000000000000     
   1.0714439136843597       0.93911683693326820       0.89446116953133969       0.44714563198205137        1.0000000000000000        0.0000000000000000     
   1.0574475256588738       0.96045843736861547       0.76642765327332052       0.64233064094588455        1.0000000000000000        0.0000000000000000     
   1.0389898512968312       0.97809777800575037       0.61167880873235281       0.79110620965061951        1.0000000000000000        0.0000000000000000     
   1.0174595888546831       0.99185317906933912       0.46804963897302848       0.88370217576806831       0.99999999999999989        0.0000000000000000     
  0.99413769425544718        1.0023238610819785       0.35664007770082312       0.93424186107107776        1.0000000000000000        0.0000000000000000     
  0.96987275912116899        1.0103997340382851       0.28012134632533248       0.95996459899981890        1.0000000000000000        0.0000000000000000     
  0.94513082817543592        1.0168847059020398       0.23039140142692749       0.97309804344091477       0.99999999999999989        0.0000000000000000     
  0.92013345603195151        1.0223089734015511       0.19496848270651060       0.98080950788168908        1.0000000000000000        0.0000000000000000     
  0.89496357654805458        1.0268666752308306       0.16039160573433528       0.98705345995541782        1.0000000000000000        0.0000000000000000     
  0.86963159832260584        1.0304063756279755       0.11307025667263404       0.99358699521279203        1.0000000000000000        0.0000000000000000     
  0.84413635458610703        1.0324184771904128        3.8326491253901585E-002  0.99926527012008415       0.99999999999999989        0.0000000000000000     
  0.81857477012275193        1.0319851884036568       -8.1334894301992811E-002  0.99668682893318283        1.0000000000000000        0.0000000000000000     
  0.79339277658157625        1.0277047524405178      -0.26550843269547281       0.96410853754522563       0.99999999999999989        0.0000000000000000     
  0.76990277063044565        1.0177862742417463      -0.51963505902444973       0.85438832238781026       0.99999999999999989        0.0000000000000000     
  0.75077815138718218        1.0010027199613103      -0.78438274966538868       0.62027711712376132        1.0000000000000000        0.0000000000000000     
  0.73874793042390718       0.97857005018742338      -0.94694040316575656       0.32140919845622740       0.99999999999999989        0.0000000000000000     
  0.73378380471112004       0.95354092522985934      -0.99658725707958795        8.2545981286694783E-002  0.99999999999999978        0.0000000000000000     
  0.73372753857843642       0.92798352302156650      -0.99791715297063088       -6.4508571577663043E-002  0.99999999999999989        0.0000000000000000     
  0.73651947874018486       0.90256286457906132      -0.98940950993059906      -0.14515103051267586        1.0000000000000000        0.0000000000000000     
  0.74080915910814626       0.87734637153528761      -0.98272945104735165      -0.18504817222596617        1.0000000000000000        0.0000000000000000     
  0.74577811554905071       0.85225338160493802      -0.97974395038241491      -0.20025431752913669        1.0000000000000000        0.0000000000000000     
  0.75092319626274684       0.82719565080401081      -0.97980557057962259      -0.19995260403690732        1.0000000000000000        0.0000000000000000     
  0.75592150180030004       0.80210835427868643      -0.98188892120300197      -0.18945750557527385        1.0000000000000000        0.0000000000000000     
  0.76055799394477874       0.77695188786846858      -0.98507420447025584      -0.17213021724058949        1.0000000000000000        0.0000000000000000     
  0.76469118885825238       0.75170803152253141      -0.98861069163524429      -0.15049551616072801        1.0000000000000000        0.0000000000000000     
  0.76824002599575703       0.72637551607207151      -0.99192709489171094      -0.12680945713822278       0.99999999999999989        0.0000000000000000     
  0.77117969982921752       0.70096509781430405      -0.99465953422171172      -0.10321051778693659        1.0000000000000000        0.0000000000000000     
  0.77353728572048619       0.67549397968287861      -0.99666706881006328       -8.1576675278885194E-002   1.0000000000000000        0.0000000000000000     
  0.77538179165068066       0.64998042873431905      -0.99799665584703667       -6.3266696753754764E-002   1.0000000000000000        0.0000000000000000     
  0.77680824703183271       0.62443995380486617      -0.99880167330244007       -4.8940958391166772E-002  0.99999999999999989        0.0000000000000000     
  0.77791956268626838       0.59888372173260740      -0.99925573577983973       -3.8574272657968249E-002   1.0000000000000000        0.0000000000000000     
  0.77881108440707691       0.57331881524955619      -0.99949932247590434       -3.1640233409511047E-002   1.0000000000000000        0.0000000000000000     
  0.77956096426064048       0.54774933003324211      -0.99962557839277977       -2.7362438175364264E-002  0.99999999999999989        0.0000000000000000     
  0.78022668870402712       0.52217750235639593      -0.99968916640023842       -2.4931317293644999E-002   1.0000000000000000        0.0000000000000000     
  0.78084613477540032       0.49660450714512983      -0.99972057375184264       -2.3638409787600512E-002   1.0000000000000000        0.0000000000000000     
  0.78144099450741744       0.47103092705379190      -0.99973706725218681       -2.2930249933150709E-002   1.0000000000000000        0.0000000000000000     
  0.78202081917398258       0.44545700138114708      -0.99974890558262908       -2.2408163386039119E-002  0.99999999999999989        0.0000000000000000     
  0.78258667191753628       0.41988276284087095      -0.99976231660470360       -2.1801612261401097E-002   1.0000000000000000        0.0000000000000000     
  0.78313395311328271       0.39430812059854536      -0.99978090572243050       -2.0931807204266271E-002   1.0000000000000000        0.0000000000000000     
  0.78365416951459521       0.36873291436572281      -0.99980667504219933       -1.9662465284446744E-002   1.0000000000000000        0.0000000000000000     
  0.78413489347548171       0.34315693743963249      -0.99984164446204249       -1.7795673615761960E-002  0.99999999999999989        0.0000000000000000     
  0.78455520162055092       0.31757990177590961      -0.99989056457399483       -1.4793879677014433E-002   1.0000000000000000        0.0000000000000000     
  0.78486948186343397       0.29200136829012741      -0.99995855505891917       -9.1042937385908823E-003   1.0000000000000000        0.0000000000000000     
  0.78496625925595198       0.26642121251379974      -0.99999506658640702        3.1411467408439084E-003  0.99999999999999989        0.0000000000000000     
  0.78458678638336665       0.24084428574792155      -0.99955369390387749        2.9873282429517988E-002   1.0000000000000000        0.0000000000000000     
  0.78320510846406166       0.21530425245950130      -0.99646446783432396        8.4015262563761281E-002   1.0000000000000000        0.0000000000000000     
  0.77992255146931366       0.18994552311828289      -0.98350571070326598       0.18087707708292916        1.0000000000000000        0.0000000000000000     
  0.77350742826014940       0.16520847605251285      -0.94430337999517722       0.32907617131856293        1.0000000000000000        0.0000000000000000     
  0.76274257605042217       0.14205411824740222      -0.85619624361595725       0.51665074510536080       0.99999999999999989        0.0000000000000000     
  0.74705799093729608       0.12192501007422737      -0.70823892249891840       0.70597282430527819       0.99999999999999989        0.0000000000000000     
  0.72698682352799249       0.10616507616443789      -0.52068577089420764       0.85374839852751971        1.0000000000000000        0.0000000000000000     
  0.70389996918743369        9.5252670951727264E-002 -0.33673338879070130       0.94160003444856055        1.0000000000000000        0.0000000000000000     
  0.67922601645757918        8.8594984888553538E-002 -0.19200536622441880       0.98139387574053416       0.99999999999999989        0.0000000000000000     
  0.65390961048393881        8.4997661029863947E-002  -9.7263188114132967E-002  0.99525869613778051       0.99999999999999989        0.0000000000000000     
  0.62839106008008860        8.3262222194212657E-002  -4.4168205676853090E-002  0.99902410862165247       0.99999999999999989        0.0000000000000000     
  0.60282240036943213        8.2508053292548733E-002  -1.8131705022928758E-002  0.99983560712397190        1.0000000000000000        0.0000000000000000     
  0.57724375735008582        8.2211868401748656E-002  -6.6538161626601890E-003  0.99997786312021608       0.99999999999999989        0.0000000000000000     
  0.55166347899190138        8.2111802093607647E-002  -1.8561668668560037E-003  0.99999827732079749        1.0000000000000000        0.0000000000000000     
  0.52608299100087674        8.2094631008540808E-002   2.5513742471026599E-004  0.99999996745244679        1.0000000000000000        0.0000000000000000     
  0.50050250400544671        8.2116852355276493E-002   1.3983605077823535E-003  0.99999902229346727       0.99999999999999978        0.0000000000000000     
  0.47492205131131399        8.2164558652715103E-002   2.3531224269981569E-003  0.99999723140358932        1.0000000000000000        0.0000000000000000     
  0.44934167346315568        8.2242226572128360E-002   3.9239639222459584E-003  0.99999230122393301        1.0000000000000000        0.0000000000000000     
  0.42376159145776260        8.2385235447194394E-002   7.9071977151393257E-003  0.99996873762347871        1.0000000000000002        0.0000000000000000     
  0.39818316451180563        8.2701333788938625E-002   1.8421919404398142E-002  0.99983030204403078       0.99999999999999989        0.0000000000000000     
  0.37261429366827448        8.3450161243219717E-002   4.3457270536232967E-002  0.99905528657704457       0.99999999999999989        0.0000000000000000     
  0.34709347406435620        8.5153771642836801E-002   9.5443725727604956E-002  0.99543482720830789        1.0000000000000000        0.0000000000000000     
  0.32176744261965268        8.8685197021446088E-002  0.18852187159247788       0.98206899143149273        1.0000000000000000        0.0000000000000000     
  0.29705962799786717        9.5220047410194047E-002  0.33038008426825305       0.94384797500386797       0.99999999999999989        0.0000000000000000     
  0.27387170175839332       0.10592132241027137       0.51049514485616199       0.85988063536649451       0.99999999999999989        0.0000000000000000     
  0.25356468744678162       0.12138127999670550       0.69543099355691917       0.71859288418438727        1.0000000000000000        0.0000000000000000     
  0.23746959770184201       0.14118668473623222       0.84434822902360174       0.53579480040842820       0.99999999999999989        0.0000000000000000     
  0.22616670929798896       0.16408374112306012       0.93628338904587882       0.35124552010917304        1.0000000000000000        0.0000000000000000     
  0.21919107552574338       0.18866789796470121       0.97938727215998034       0.20199151252226602       0.99999999999999989        0.0000000000000000     
  0.21540518975978978       0.21395566760716669       0.99477008889799134       0.10213946462500441        1.0000000000000000        0.0000000000000000     
  0.21359793638375685       0.23946877156001936       0.99898012583353990        4.5152056316461360E-002  0.99999999999999989        0.0000000000000000     
  0.21285396602665302       0.26503757997115601       0.99986338208703651        1.6529281940632815E-002  0.99999999999999989        0.0000000000000000     
  0.21262275177404491       0.29061684655876330       0.99999465362642925        3.2699722564481946E-003  0.99999999999999978        0.0000000000000000     
  0.21262743105053211       0.31619730404668434       0.99999579086935131       -2.9014209588934942E-003  0.99999999999999989        0.0000000000000000     
  0.21274689807994715       0.34177751272729279       0.99998112018539465       -6.1448574241556230E-003   1.0000000000000002        0.0000000000000000     
  0.21293186870940534       0.36735733719325675       0.99996647183036091       -8.1887248787775781E-003   1.0000000000000000        0.0000000000000000     
  0.21316108038052006       0.39293680657830649       0.99995331137069665       -9.6630781213202059E-003   1.0000000000000000        0.0000000000000000     
  0.21342350796601345       0.41851595661530733       0.99994151817504595       -1.0814815291273646E-002  0.99999999999999989        0.0000000000000000     
  0.21371302701440228       0.44409481587959682       0.99993026474746982       -1.1809557233663634E-002   1.0000000000000000        0.0000000000000000     
  0.21402803604495169       0.46967337259214986       0.99991747341009540       -1.2847037369426120E-002   1.0000000000000000        0.0000000000000000     
  0.21437306496590952       0.49525154246496006       0.99989898316594650       -1.4213495829891289E-002  0.99999999999999989        0.0000000000000000     
  0.21476143801377290       0.52082908682425322       0.99986690596165784       -1.6314728396802682E-002  0.99999999999999978        0.0000000000000000     
  0.21521859998411558       0.54640548816232370       0.99980606158405705       -1.9693633991134388E-002   1.0000000000000000        0.0000000000000000     
  0.21578555246195416       0.57197967175349684       0.99968700162075130       -2.5017969352289313E-002   1.0000000000000000        0.0000000000000000     
  0.21652136710272671       0.59754951751773056       0.99945479546274818       -3.3016841558759662E-002  0.99999999999999989        0.0000000000000000     
  0.21750322768804933       0.62311102718712275       0.99901607503993284       -4.4349541280687611E-002  0.99999999999999978        0.0000000000000000     
  0.21882228496983142       0.64865725182551748       0.99823345793265927       -5.9413495636982935E-002  0.99999999999999989        0.0000000000000000     
  0.22057427143249669       0.67417730556795386       0.99694255644369656       -7.8137949496432380E-002  0.99999999999999989        0.0000000000000000     
  0.22284551578855194       0.69965626586684959       0.99500291574680855       -9.9845869495685913E-002   1.0000000000000000        0.0000000000000000     
  0.22569717622899463       0.72507672073288454       0.99237417437514308      -0.12326190828172774       0.99999999999999989        0.0000000000000000     
  0.22915177128627634       0.75042227569120246       0.98918428870137964      -0.14667802489243509       0.99999999999999989        0.0000000000000000     
  0.23318514433828397       0.77568227946013679       0.98575442700006433      -0.16819099158330350       0.99999999999999989        0.0000000000000000     
  0.23772385440237631       0.80085655889701957       0.98257568677581952      -0.18586290581239384       0.99999999999999989        0.0000000000000000     
  0.24264408216755295       0.82595925343013765       0.98027135513662267      -0.19765644512286817        1.0000000000000000        0.0000000000000000     
  0.24776463287004374       0.85102199634548914       0.97958780693939951      -0.20101673685456609        1.0000000000000000        0.0000000000000000     
  0.25282306749230310       0.87609726922855058       0.98140793431382600      -0.19193349490349329        1.0000000000000000        0.0000000000000000     
  0.25741800273345511       0.90126077336544763       0.98659963876593926      -0.16315989944504833       0.99999999999999989        0.0000000000000000     
  0.26088920968916068       0.92660045388432710       0.99488405943523417      -0.10102330563622250        1.0000000000000000        0.0000000000000000     
  0.26209467868422465       0.95213711753359331       0.99981446500390558        1.9262283586171998E-002   1.0000000000000000        0.0000000000000000     
  0.25910467528707898       0.97749251536195625       0.97258422109149645       0.23255092535581814       0.99999999999999989        0.0000000000000000     
  0.24936345749336941        1.0010162567256484       0.84272256844750626       0.53834809615084378        1.0000000000000000        0.0000000000000000     
  0.23181145829365651        1.0194055872741918       0.57927859427597206       0.81512962785906251        1.0000000000000000        0.0000000000000000     
  0.20888505274456876        1.0305082455617973       0.29666920519355944       0.95498030487011709        1.0000000000000000        0.0000000000000000     
  0.18379208880110895        1.0352165863966316        8.5055392586364964E-002  0.99637622422053984       0.99999999999999989        0.0000000000000000     
  0.15823329964011890        1.0354944482623873       -5.2642983007567229E-002  0.99861339683586514        1.0000000000000000        0.0000000000000000     
  0.13278459268045101        1.0329775039167965      -0.13695228031741521       0.99057764608124499       0.99999999999999989        0.0000000000000000     
  0.10755347791415476        1.0287805917912889      -0.18680556012790697       0.98239690690947257        1.0000000000000000        0.0000000000000000     
   8.2507932909529860E-002   1.0235816326520042      -0.21770005145624574       0.97601572097786837        1.0000000000000000        0.0000000000000000     
   5.7617243707870636E-002   1.0176843864260603      -0.24372987716593453       0.96984315586422454       0.99999999999999989        0.0000000000000000     
   3.2917989329571254E-002   1.0110333635052404      -0.27899980200630209       0.96029115922226638        1.0000000000000000        0.0000000000000000     
   8.5662193926386836E-003   1.0032135672476856      -0.33727431679600378       0.94140641342078657        1.0000000000000000        0.0000000000000000     
  -1.5081682774499137E-002  0.99348751970755489      -0.42936935497103496       0.90312898138181652       0.99999999999999989        0.0000000000000000     
  -3.7340589062589101E-002  0.98092953940847238      -0.55813831308753103       0.82974792766466454        1.0000000000000000        0.0000000000000000     
  -5.7075242655128734E-002  0.96472015038002834      -0.71105327973903554       0.70313813249770551       0.99999999999999978        0.0000000000000000     
  -7.2811402634497716E-002  0.94462699761031743      -0.85472807518405902       0.51907602284458632        1.0000000000000000        0.0000000000000000     
  -8.3432233446402340E-002  0.92141672833688615      -0.94980304970796270       0.31284847253175679        1.0000000000000000        0.0000000000000000     
  -8.9170094041007023E-002  0.89652024839006261      -0.98919167549757103       0.14662820031054086        1.0000000000000000        0.0000000000000000     
  -9.1543286950946545E-002  0.87106013984371100      -0.99874083965721094        5.0167072874639784E-002  0.99999999999999989        0.0000000000000000     
  -9.2204467099633397E-002  0.84549004441523579      -0.99996542624890306        8.3154258369414775E-003   1.0000000000000000        0.0000000000000000     
  -9.2208937990685511E-002  0.81990973436623693      -0.99998756408067768       -4.9871518918739319E-003   1.0000000000000000        0.0000000000000000     
  -9.2043367780016122E-002  0.79432977636279067      -0.99997593941255558       -6.9369010355512734E-003   1.0000000000000000        0.0000000000000000     
  -9.1882587455585932E-002  0.76874978570911101      -0.99998552115200090       -5.3812160671367687E-003   1.0000000000000000        0.0000000000000000     
  -9.1773023653701102E-002  0.74316952792135527      -0.99999493055998978       -3.1841567677132832E-003  0.99999999999999989        0.0000000000000000     
  -9.1717492916519455E-002  0.71758909367016088      -0.99999925044785043       -1.2243789190635459E-003   1.0000000000000000        0.0000000000000000     
  -9.1706593817346582E-002  0.69200860076416337      -0.99999995585947454        2.9712126980104724E-004   1.0000000000000000        0.0000000000000000     
  -9.1729060812145768E-002  0.66642811337708763      -0.99999902795570916        1.3943054316678048E-003   1.0000000000000000        0.0000000000000000     
  -9.1774960244459108E-002  0.64084765735136084      -0.99999770231315999        2.1436810398858556E-003  0.99999999999999989        0.0000000000000000     
  -9.1836509370768218E-002  0.61526723321539767      -0.99999653669609256        2.6318426663364436E-003   1.0000000000000000        0.0000000000000000     
  -9.1908043973590772E-002  0.58968683544051181      -0.99999568984023413        2.9360349034799550E-003   1.0000000000000000        0.0000000000000000     
  -9.1985679202041412E-002  0.56410645493361089      -0.99999514018597080        3.1176280151360412E-003  0.99999999999999989        0.0000000000000000     
  -9.2066886938521900E-002  0.53852608587306183      -0.99999481070618779        3.2215773614280431E-003   1.0000000000000000        0.0000000000000000     
  -9.2150101911401841E-002  0.51294572294979202      -0.99999462512798420        3.2786758215066960E-003  0.99999999999999989        0.0000000000000000     
  -9.2234399361384209E-002  0.48736536380682072      -0.99999452593792093        3.3087904425644797E-003   1.0000000000000000        0.0000000000000000     
  -9.2319257673896482E-002  0.46178500634144776      -0.99999447533170494        3.3240496488973377E-003  0.99999999999999989        0.0000000000000000     
  -9.2404395197475231E-002  0.43620464992177677      -0.99999445059840519        3.3314820116341426E-003  0.99999999999999989        0.0000000000000000     
  -9.2489666423680061E-002  0.41062429388307869      -0.99999443899300722        3.3349637270755858E-003  0.99999999999999989        0.0000000000000000     
  -9.2574999244409290E-002  0.38504393806420190      -0.99999443375750896        3.3365332306097306E-003   1.0000000000000000        0.0000000000000000     
  -9.2660359349453297E-002  0.35946358236805853      -0.99999443148438205        3.3372144413760145E-003   1.0000000000000000        0.0000000000000000     
  -9.2745731160098599E-002  0.33388322663677700      -0.99999443053366821        3.3374993100518599E-003   1.0000000000000000        0.0000000000000000     
  -9.2831107715232897E-002  0.30830287103446774      -0.99999443015024581        3.3376141906019670E-003  0.99999999999999989        0.0000000000000000     
  -9.2916486252730995E-002  0.28272251529016651      -0.99999443000092381        3.3376589291781128E-003   1.0000000000000000        0.0000000000000000     
  -9.3001865431895953E-002  0.25714215972873128      -0.99999442994464083        3.3376757920417954E-003   1.0000000000000000        0.0000000000000000     
  -9.3087244991374121E-002  0.23156180395897219      -0.99999442992402776        3.3376819678820730E-003   1.0000000000000000        0.0000000000000000     
  -9.3172624525794986E-002  0.20598144842444049      -0.99999442991664111        3.3376841809832419E-003   1.0000000000000000        0.0000000000000000     
  -9.3258004235605541E-002  0.18040109263254497      -0.99999442991401921        3.3376849665400538E-003   1.0000000000000000        0.0000000000000000     
  -9.3343383802043281E-002  0.15482073711773134      -0.99999442991307808        3.3376852484995295E-003   1.0000000000000000        0.0000000000000000     
  -9.3428763544261231E-002  0.12924038130929524      -0.99999442991272558        3.3376853541098759E-003   1.0000000000000000        0.0000000000000000     
  -9.3514143102407327E-002  0.10366002580821160      -0.99999442991258192        3.3376853971609131E-003  0.99999999999999989        0.0000000000000000     
  -9.3599522860948137E-002   7.8079669988888906E-002 -0.99999442991251464        3.3376854172955015E-003   1.0000000000000000        0.0000000000000000     
  -9.3684902407473861E-002   5.2499314495961527E-002 -0.99999442991247567        3.3376854289782249E-003   1.0000000000000000        0.0000000000000000     
  -9.3770282176583314E-002   2.6918958673496300E-002 -0.99999442991244458        3.3376854383308052E-003   1.0000000000000000        0.0000000000000000     
  -9.3855661719104866E-002   1.3386031756181327E-003 -0.99999442991240894        3.3376854489905908E-003  0.99999999999999989        0.0000000000000000     
  -9.3941041488480856E-002  -2.4241752635455832E-002 -0.99999442991235743        3.3376854644215719E-003   1.0000000000000000        0.0000000000000000     
  -9.4026421035012561E-002  -4.9822108147764360E-002 -0.99999442991227450        3.3376854892723830E-003  0.99999999999999989        0.0000000000000000     
  -9.4111800800130499E-002  -7.5402463942352255E-002 -0.99999442991213583        3.3376855308156540E-003   1.0000000000000000        0.0000000000000000     
  -9.4197180357021598E-002 -0.10098281947309223      -0.99999442991190080        3.3376856012288241E-003  0.99999999999999989        0.0000000000000000     
  -9.4282560115134681E-002 -0.12656317524734689      -0.99999442991149734        3.3376857221152057E-003   1.0000000000000000        0.0000000000000000     
  -9.4367939692100763E-002 -0.15214353080020365      -0.99999442991078624        3.3376859351739625E-003   1.0000000000000000        0.0000000000000000     
  -9.4453319445499062E-002 -0.17772388655052598      -0.99999442990946497        3.3376863310187895E-003   1.0000000000000000        0.0000000000000000     
  -9.4538699063804632E-002 -0.20330424212889292      -0.99999442990678777        3.3376871331075686E-003   1.0000000000000000        0.0000000000000000     
  -9.4624078841065412E-002 -0.22888459785183260      -0.99999442990073162        3.3376889475781753E-003   1.0000000000000000        0.0000000000000000     
  -9.4709458591463083E-002 -0.25446495345869635      -0.99999442988554377        3.3376934979591978E-003   1.0000000000000000        0.0000000000000000     
  -9.4794838614137095E-002 -0.28004530915023862      -0.99999442984474685        3.3377057209480277E-003   1.0000000000000000        0.0000000000000000     
  -9.4880219135389382E-002 -0.30562566478676800      -0.99999442973196506        3.3377395108282089E-003  0.99999999999999989        0.0000000000000000     
  -9.4965601166494246E-002 -0.33120602043769803      -0.99999442942067740        3.3378327720153451E-003   1.0000000000000000        0.0000000000000000     
  -9.5050987320500435E-002 -0.35678637609101571      -0.99999442857871501        3.3380850092964692E-003  0.99999999999999989        0.0000000000000000     
  -9.5136384298692145E-002 -0.38236673165474150      -0.99999442637010927        3.3387465786031368E-003   1.0000000000000000        0.0000000000000000     
  -9.5221809360681725E-002 -0.40794708721726614      -0.99999442078249601        3.3404197162170278E-003  0.99999999999999989        0.0000000000000000     
  -9.5307303450469977E-002 -0.43352744241555097      -0.99999440718753885        3.3444870522788914E-003  0.99999999999999989        0.0000000000000000     
  -9.5392961993026285E-002 -0.45910779724033507      -0.99999437541503389        3.3539735085959480E-003   1.0000000000000000        0.0000000000000000     
  -9.5478994266775211E-002 -0.48468815058845738      -0.99999430407745915        3.3751759418141456E-003  0.99999999999999989        0.0000000000000000     
  -9.5565842433697021E-002 -0.51026850144760749      -0.99999414991939961        3.4205448363471159E-003   1.0000000000000000        0.0000000000000000     
  -9.5654392731085669E-002 -0.53584884614426231      -0.99999382793834002        3.5134150375040214E-003  0.99999999999999989        0.0000000000000000     
  -9.5746342073049370E-002 -0.56142917919585233      -0.99999317296656565        3.6951346741747079E-003   1.0000000000000000        0.0000000000000000     
  -9.5844774610143665E-002 -0.58700948760547245      -0.99999186041058130        4.0347382300023214E-003  0.99999999999999989        0.0000000000000000     
  -9.5955016981153163E-002 -0.61258974806607902      -0.99998923367664660        4.6403158074831271E-003   1.0000000000000000        0.0000000000000000     
  -9.6085773521728743E-002 -0.63816991060370010      -0.99998392862107921        5.6694355585503106E-003  0.99999999999999989        0.0000000000000000     
  -9.6250469358649407E-002 -0.66374987593904577      -0.99997311203376205        7.3331582223058701E-003  0.99999999999999989        0.0000000000000000     
  -9.6468504659556739E-002 -0.68932943756329401      -0.99995115774657006        9.8834265967906142E-003   1.0000000000000000        0.0000000000000000     
  -9.6765777605093597E-002 -0.71490819428455987      -0.99990802308787885        1.3562645925118038E-002  0.99999999999999989        0.0000000000000000     
  -9.7172929280549922E-002 -0.74048542589130317      -0.99982953374935957        1.8463570687663945E-002   1.0000000000000000        0.0000000000000000     
  -9.7717624271510817E-002 -0.76606008960103755      -0.99970783309506794        2.4171231833813429E-002   1.0000000000000000        0.0000000000000000     
  -9.8402262625836692E-002 -0.79163139891318746      -0.99958148532598146        2.8928432268357042E-002  0.99999999999999989        0.0000000000000000     
  -9.9150745016743452E-002 -0.81720094181698677      -0.99960766473446072        2.8009223554355849E-002   1.0000000000000000        0.0000000000000000     
  -9.9703626151110725E-002 -0.84277517105549404      -0.99993486447825630        1.1413448245438296E-002  0.99999999999999989        0.0000000000000000     
  -9.9459873553358225E-002 -0.86835196137764847      -0.99929426188167281       -3.7562989369362261E-002  0.99999999999999989        0.0000000000000000     
  -9.7332536825183127E-002 -0.89383273759882376      -0.99030045452639437      -0.13894246926270182       0.99999999999999989        0.0000000000000000     
  -9.1812346260421215E-002 -0.91877963308329214      -0.95317642167148542      -0.30241479654531223        1.0000000000000000        0.0000000000000000     
  -8.1507065254588271E-002 -0.94213406023695256      -0.86248585036917569      -0.50608117719686052       0.99999999999999989        0.0000000000000000     
  -6.6032208882702795E-002 -0.96242482008822816      -0.71695730876515240      -0.69711707582602667        1.0000000000000000        0.0000000000000000     
  -4.6320997118137752E-002 -0.97865205333923633      -0.55251846770618618      -0.83350065557479214       0.99999999999999989        0.0000000000000000     
  -2.3889748388705518E-002 -0.99088968293439061      -0.41033762795580869      -0.91193367691055272       0.99999999999999989        0.0000000000000000     
