   0.0000000000000000       -5.2041704279304213E-018 -0.58493785019801980      -0.81107811670992513        1.0000000000000000        0.0000000000000000     
   1.7527330152282361E-002  -9.8083324094002146E-003 -0.39125595960683979      -0.92028189924181980       0.99999999999999989        0.0000000000000000     
   3.6667977238529104E-002  -1.5948968657135583E-002 -0.22643914203784640      -0.97402531535538850        1.0000000000000000        0.0000000000000000     
   5.6507731776431896E-002  -1.9268770393267482E-002 -0.11222101111490790      -0.99368327180462679        1.0000000000000000        0.0000000000000000     
   7.6573417212704387E-002  -2.0788458433728455E-002  -4.5652838634060798E-002 -0.99895736561910009        1.0000000000000000        0.0000000000000000     
   9.6692124778753691E-002  -2.1328182070448516E-002  -1.2161235161942421E-002 -0.99992604944532570        1.0000000000000000        0.0000000000000000     
  0.11681868676218701       -2.1400609896684124E-002   2.8774896915118595E-003 -0.99999586001796803        1.0000000000000000        0.0000000000000000     
  0.13694510093606399       -2.1268610917098765E-002   9.3676642767889992E-003 -0.99995612247037990       0.99999999999999989        0.0000000000000000     
  0.15707073616611172       -2.1045398191365257E-002   1.2498807833858252E-002 -0.99992188685053407        1.0000000000000000        0.0000000000000000     
  0.17719577255488028       -2.0773100134502162E-002   1.4449885518281979E-002 -0.99989559495404756        1.0000000000000000        0.0000000000000000     
  0.19732031845011869       -2.0466641650343557E-002   1.5951728414468812E-002 -0.99987276308567929        1.0000000000000000        0.0000000000000000     
  0.21744442862470428       -2.0132726378013693E-002   1.7189381497627547E-002 -0.99985225166707958        1.0000000000000000        0.0000000000000000     
  0.23756815259798256       -1.9776295039987381E-002   1.8189246310053087E-002 -0.99983456197446607        1.0000000000000000        0.0000000000000000     
  0.25769155603397098       -1.9402164166875346E-002   1.8947259073815163E-002 -0.99982048457390071        1.0000000000000000        0.0000000000000000     
  0.27781471746708508       -1.9015239876724044E-002   1.9460525068250759E-002 -0.99981062605078774        1.0000000000000000        0.0000000000000000     
  0.29793772620232539       -1.8620430399117767E-002   1.9731638453845717E-002 -0.99980531227030733        1.0000000000000000        0.0000000000000000     
  0.31806067414815253       -1.8222545100209844E-002   1.9767661567855983E-002 -0.99980460068762378       0.99999999999999989        0.0000000000000000     
  0.33818365301921077       -1.7826216360757673E-002   1.9578883895689514E-002 -0.99980831528118386        1.0000000000000000        0.0000000000000000     
  0.35830674802069962       -1.7435844699872523E-002   1.9178012109593752E-002 -0.99981608501340102        1.0000000000000000        0.0000000000000000     
  0.37843003608743364       -1.7055554546386908E-002   1.8579644145235927E-002 -0.99982738351349265        1.0000000000000000        0.0000000000000000     
  0.39855358160869853       -1.6689161397180727E-002   1.7799872062424456E-002 -0.99984156972720506       0.99999999999999989        0.0000000000000000     
  0.41867743589712120       -1.6340144281948195E-002   1.6855935910199710E-002 -0.99985792862015721       0.99999999999999989        0.0000000000000000     
  0.43880163490683299       -1.6011626843178112E-002   1.5765899346782769E-002 -0.99987571048495183       0.99999999999999989        0.0000000000000000     
  0.45892619993843048       -1.5706363114816095E-002   1.4548339697541560E-002 -0.99989416730574299        1.0000000000000000        0.0000000000000000     
  0.47905113712389125       -1.5426730851074637E-002   1.3222053554254482E-002 -0.99991258482919820       0.99999999999999989        0.0000000000000000     
  0.49917643912334869       -1.5174729357849616E-002   1.1805781793060464E-002 -0.99993030932973259       0.99999999999999989        0.0000000000000000     
  0.51930208595889327       -1.4951983621627557E-002   1.0317958501864701E-002 -0.99994676844937791        1.0000000000000000        0.0000000000000000     
  0.53942804728776617       -1.4759752468422170E-002   8.7764880646400232E-003 -0.99996148588695721       0.99999999999999989        0.0000000000000000     
  0.55955428407591190       -1.4598941381020818E-002   7.1985539832936886E-003 -0.99997409007461280        1.0000000000000000        0.0000000000000000     
  0.57968075098883065       -1.4470118608153235E-002   5.6004620725054475E-003 -0.99998431728931358       0.99999999999999978        0.0000000000000000     
  0.59980739841668962       -1.4373533999844840E-002   3.9975195122516280E-003 -0.99999200988695369       0.99999999999999978        0.0000000000000000     
  0.61993417459163580       -1.4309140279107801E-002   2.4039499553530647E-003 -0.99999711050813156        1.0000000000000000        0.0000000000000000     
  0.64006102757958272       -1.4276614996058356E-002   8.3284354224386927E-004 -0.99999965318575701       0.99999999999999989        0.0000000000000000     
  0.66018790686809925       -1.4275384144662975E-002  -7.0386064095884877E-004 -0.99999975229006843       0.99999999999999978        0.0000000000000000     
  0.68031476507925226       -1.4304644521905510E-002  -2.1953633247660414E-003 -0.99999759018703260        1.0000000000000000        0.0000000000000000     
  0.70044155892521975       -1.4363387257412753E-002  -3.6319697064588403E-003 -0.99999340437627460        1.0000000000000000        0.0000000000000000     
  0.72056825052649598       -1.4450418445319267E-002  -5.0050353987949100E-003 -0.99998747473188720        1.0000000000000000        0.0000000000000000     
  0.74069480776211638       -1.4564380883502844E-002  -6.3068995269081442E-003 -0.99998011131139886       0.99999999999999989        0.0000000000000000     
  0.76082120516764029       -1.4703771702644173E-002  -7.5308109372646329E-003 -0.99997164304125508        1.0000000000000000        0.0000000000000000     
  0.78094742379157156       -1.4866961525561235E-002  -8.6708532763216453E-003 -0.99996240744513021        1.0000000000000000        0.0000000000000000     
  0.80107345168807098       -1.5052208763819054E-002  -9.7218741966413856E-003 -0.99995274146436774        1.0000000000000000        0.0000000000000000     
  0.82119928342997250       -1.5257676307781024E-002  -1.0679423202203145E-002 -0.99994297333401383        1.0000000000000000        0.0000000000000000     
  0.84132492021055005       -1.5481442999031741E-002  -1.1539701723316906E-002 -0.99993341542531566        1.0000000000000000        0.0000000000000000     
  0.86145036917074480       -1.5721518668663424E-002  -1.2299528033498961E-002 -0.99992435794421641        1.0000000000000000        0.0000000000000000     
  0.88157564310083381       -1.5975853877398371E-002  -1.2956318850892623E-002 -0.99991606337823880       0.99999999999999989        0.0000000000000000     
  0.90170075973484209       -1.6242354547795268E-002  -1.3508089628733101E-002 -0.99990876159506781       0.99999999999999978        0.0000000000000000     
  0.92182574101399095       -1.6518891440278054E-002  -1.3953478636366083E-002 -0.99990264547802088        1.0000000000000000        0.0000000000000000     
  0.94195061249617373       -1.6803316151279085E-002  -1.4291811004583562E-002 -0.99989786685351489       0.99999999999999989        0.0000000000000000     
  0.96207540210317688       -1.7093473194581432E-002  -1.4523248503053856E-002 -0.99989453206471657        1.0000000000000000        0.0000000000000000     
  0.98220013974959675       -1.7387222993499769E-002  -1.4649133014702675E-002 -0.99989269569385175        1.0000000000000000        0.0000000000000000     
   1.0023248553495689       -1.7682468836728495E-002  -1.4672707773622978E-002 -0.99989235002903687       0.99999999999999989        0.0000000000000000     
   1.0224495785603809       -1.7977209481922954E-002  -1.4600235726619485E-002 -0.99989341087774308        1.0000000000000000        0.0000000000000000     
   1.0425743357709514       -1.8269600777987720E-002  -1.4440810722293532E-002 -0.99989572605631383        1.0000000000000000        0.0000000000000000     
   1.0626991517319841       -1.8557938607618781E-002  -1.4195000558259946E-002 -0.99989924590388168        1.0000000000000000        0.0000000000000000     
   1.0828240559145053       -1.8840021021683331E-002  -1.3794786395432291E-002 -0.99990484740714425        1.0000000000000000        0.0000000000000000     
   1.1029491258504527       -1.9110012030300452E-002  -1.2888451481169856E-002 -0.99991694045976520       0.99999999999999989        0.0000000000000000     
   1.1230745980244723       -1.9347679077270898E-002  -1.0253227322047649E-002 -0.99994743428316402        1.0000000000000000        0.0000000000000000     
   1.1432009286436184       -1.9489781935226443E-002  -2.5746572523581025E-003 -0.99999668556452370       0.99999999999999989        0.0000000000000000     
   1.1633271258518187       -1.9370441492673113E-002   1.7342414705541986E-002 -0.99984960901736664        1.0000000000000000        0.0000000000000000     
   1.1834386400184835       -1.8627637567336635E-002   6.1849897630324231E-002 -0.99808546235436102        1.0000000000000000        0.0000000000000000     
   1.2034579328206771       -1.6609373905240955E-002  0.14668897015264101      -0.98918266565663071        1.0000000000000000        0.0000000000000000     
   1.2231169408358251       -1.2372278355680302E-002  0.28317544887448898      -0.95906812331279767       0.99999999999999989        0.0000000000000000     
   1.2417710527362722       -4.9014952867906993E-003  0.46473881986201987      -0.88544781286830054        1.0000000000000000        0.0000000000000000     
   1.2583547508908386        6.4207305110533059E-003  0.65854909048529919      -0.75253777009595024       0.99999999999999989        0.0000000000000000     
   1.2717423558236214        2.1383363985924757E-002  0.81966713831251281      -0.57284010192249646       0.99999999999999989        0.0000000000000000     
   1.2813717798966915        3.9013842630931592E-002  0.92214655326716322      -0.38684070920404823        1.0000000000000000        0.0000000000000000     
   1.2875469533403678        5.8147280267743885E-002  0.97208503605525276      -0.23462881894059390        1.0000000000000000        0.0000000000000000     
   1.2911589609686589        7.7938209456654473E-002  0.99115863511059499      -0.13268217682003317        1.0000000000000000        0.0000000000000000     
   1.2931884375433875        9.7959709717635984E-002  0.99716468730928054       -7.5250158693419472E-002  0.99999999999999989        0.0000000000000000     
   1.2943870550375520       0.11805022576181411       0.99886906319880697       -4.7545710472532678E-002   1.0000000000000000        0.0000000000000000     
   1.2952090528066058       0.13816020101945684       0.99935446308737208       -3.5925716518259571E-002   1.0000000000000000        0.0000000000000000     
   1.2958809266375146       0.15827584949095735       0.99950159262357174       -3.1568439032421403E-002  0.99999999999999989        0.0000000000000000     
   1.2964979405876560       0.17839326907231257       0.99954988996134464       -3.0000291302983564E-002   1.0000000000000000        0.0000000000000000     
   1.2970945962474034       0.19851130424161920       0.99956858627131229       -2.9370756537246814E-002  0.99999999999999989        0.0000000000000000     
   1.2976821557265745       0.21862960741308513       0.99957818010917809       -2.9042414665856581E-002  0.99999999999999989        0.0000000000000000     
   1.2982644067141609       0.23874806491910977       0.99958436309900800       -2.8828823214807817E-002   1.0000000000000000        0.0000000000000000     
   1.2988430650016778       0.25886662620149625       0.99958859076829421       -2.8681861966333086E-002  0.99999999999999989        0.0000000000000000     
   1.2994193221841073       0.27898525629147963       0.99959124686922529       -2.8589144485758024E-002  0.99999999999999989        0.0000000000000000     
   1.2999942191984053       0.29910392543115516       0.99959247474896296       -2.8546180571907737E-002   1.0000000000000000        0.0000000000000000     
   1.3005687265020660       0.31922260556717369       0.99959236889026359       -2.8549887151289224E-002  0.99999999999999989        0.0000000000000000     
   1.3011437522745266       0.33934127102956785       0.99959101599486233       -2.8597215639970221E-002  0.99999999999999989        0.0000000000000000     
   1.3017201428429792       0.35945989729360073       0.99958850358162710       -2.8684900338741420E-002  0.99999999999999989        0.0000000000000000     
   1.3022986749905012       0.37957846221671093       0.99958492070326554       -2.8809482859753908E-002  0.99999999999999989        0.0000000000000000     
   1.3028800568342669       0.39969694485544871       0.99958035561285263       -2.8967441600582972E-002  0.99999999999999989        0.0000000000000000     
   1.3034649246212624       0.41981532656565795       0.99957489118434328       -2.9155392533946493E-002   1.0000000000000000        0.0000000000000000     
   1.3040538522065153       0.43993358972578028       0.99956859781247709       -2.9370363756658528E-002   1.0000000000000000        0.0000000000000000     
   1.3046473585381473       0.46005171841372111       0.99956152305546786       -2.9610160874831176E-002   1.0000000000000000        0.0000000000000000     
   1.3052459324582188       0.48016969687524197       0.99955367705032661       -2.9873846340426551E-002  0.99999999999999989        0.0000000000000000     
   1.3058500591958329       0.50028750940528699       0.99954501267892482       -3.0162354495099471E-002   1.0000000000000000        0.0000000000000000     
   1.3064602704123460       0.52040513824429391       0.99953539963312199       -3.0479253275880316E-002  0.99999999999999978        0.0000000000000000     
   1.3070772008916733       0.54052256215224148       0.99952459198479482       -3.0831639879018890E-002  0.99999999999999989        0.0000000000000000     
   1.3077016746389092       0.56063975328938531       0.99951218966572897       -3.1231117649226734E-002  0.99999999999999989        0.0000000000000000     
   1.3083347998571353       0.58075667393867225       0.99949759544015992       -3.1694742613538648E-002  0.99999999999999989        0.0000000000000000     
   1.3089780920678284       0.60087327200738538       0.99947997059749771       -3.2245749711011330E-002  0.99999999999999978        0.0000000000000000     
   1.3096335963542745       0.62098947566124318       0.99945819504916145       -3.2913771419764329E-002   1.0000000000000000        0.0000000000000000     
   1.3103040164660413       0.64110518762656998       0.99943084177338737       -3.3734144603626233E-002   1.0000000000000000        0.0000000000000000     
   1.3109928057463012       0.66122027859115573       0.99939618380457007       -3.4745759408336734E-002   1.0000000000000000        0.0000000000000000     
   1.3117042044193670       0.68133458230851507       0.99935226811766253       -3.5986722663833466E-002  0.99999999999999989        0.0000000000000000     
   1.3124431499517293       0.70144789215644510       0.99929712045531016       -3.7486865029307065E-002  0.99999999999999989        0.0000000000000000     
   1.3132150033609313       0.72155996540218481       0.99922919440576075       -3.9255789983318100E-002   1.0000000000000000        0.0000000000000000     
   1.3140249674733719       0.74167053904127700       0.99914825050272615       -4.1264676387215864E-002  0.99999999999999989        0.0000000000000000     
   1.3148770605365399       0.76177937122860373       0.99905695463674293       -4.3418905927685103E-002  0.99999999999999989        0.0000000000000000     
   1.3157723851703420       0.78188632521103585       0.99896371145783402       -4.5513769239532667E-002   1.0000000000000000        0.0000000000000000     
   1.3167061319419964       0.80199153277991253       0.99888810547844398       -4.7143957552216016E-002  0.99999999999999989        0.0000000000000000     
   1.3176615240323060       0.82209572585433055       0.99887309267757984       -4.7460981076323489E-002   1.0000000000000000        0.0000000000000000     
   1.3185951096892909       0.84220093569660637       0.99901001344972740       -4.4485874467920614E-002  0.99999999999999989        0.0000000000000000     
   1.3193995920190704       0.86231163242798525       0.99943936267684808       -3.3480745692052505E-002  0.99999999999999989        0.0000000000000000     
   1.3198227907210975       0.88243335532330802       0.99999062356610990       -4.3304479979151406E-003  0.99999999999999989        0.0000000000000000     
   1.3193397905914765       0.90255099800821614       0.99821026106299826        5.9801962413794867E-002  0.99999999999999989        0.0000000000000000     
   1.3170584229646967       0.92253643744875047       0.98427729766329086       0.17663012569958025        1.0000000000000000        0.0000000000000000     
   1.3118588121118646       0.94195262305069516       0.93765670023142422       0.34756281807914557        1.0000000000000000        0.0000000000000000     
   1.3028995092584252       0.95993033085575052       0.83977918294641762       0.54292810195259511        1.0000000000000000        0.0000000000000000     
   1.2901509111815501       0.97544931134412327       0.69697090217249091       0.71709940839807151        1.0000000000000000        0.0000000000000000     
   1.2743722315734536       0.98788945020232610       0.53975707432244324       0.84182082459326024       0.99999999999999989        0.0000000000000000     
   1.2566031876432502       0.99729701148857430       0.39996369755456473       0.91653098182138981        1.0000000000000000        0.0000000000000000     
   1.2377188889532451        1.0042290493418422       0.29535048254453272       0.95538897442911275        1.0000000000000000        0.0000000000000000     
   1.2182829864111986        1.0094420396487818       0.22857959919091903       0.97352522660366581        1.0000000000000000        0.0000000000000000     
   1.1985993763138183        1.0136374117071916       0.19256725884475695       0.98128377690707624        1.0000000000000000        0.0000000000000000     
   1.1788136425288596        1.0173261833424849       0.17632912379869661       0.98433126542865834        1.0000000000000000        0.0000000000000000     
   1.1589878116614494        1.0207940285519239       0.16889459679500188       0.98563411830833747        1.0000000000000000        0.0000000000000000     
   1.1391375664835308        1.0241191939918668       0.16064682684814824       0.98701195384028717       0.99999999999999989        0.0000000000000000     
   1.1192474430527064        1.0271954352636379       0.14264302362922832       0.98977420041639363        1.0000000000000000        0.0000000000000000     
   1.0992819578938684        1.0297296705510872       0.10495486061058595       0.99447698677958984        1.0000000000000000        0.0000000000000000     
   1.0792133168189053        1.0312044892266732        3.4983305475558051E-002  0.99938789683385887        1.0000000000000000        0.0000000000000000     
   1.0591018889043309        1.0308153966038853       -8.3079539485822945E-002  0.99654291935612271       0.99999999999999989        0.0000000000000000     
   1.0392900682301156        1.0274333893975025      -0.26426437987759221       0.96445027737458378        1.0000000000000000        0.0000000000000000     
   1.0207450642183762        1.0197623570059071      -0.50555871617016701       0.86279220238964416        1.0000000000000000        0.0000000000000000     
   1.0052761316736949        1.0070245726060425      -0.75375461636884156       0.65715597714900265        1.0000000000000000        0.0000000000000000     
  0.99473956652816709       0.98997711617840245      -0.92190122109889172       0.38742501021019848        1.0000000000000000        0.0000000000000000     
  0.98944130778575012       0.97061305558786015      -0.98855336155968865       0.15087163865034275        1.0000000000000000        0.0000000000000000     
  0.98812563920987873       0.95055033073932971      -0.99997470102790664       -7.1131782030839155E-003   1.0000000000000000        0.0000000000000000     
  0.98928022920304559       0.93046362647720149      -0.99512234485681317       -9.8648460538814042E-002   1.0000000000000000        0.0000000000000000     
  0.99181501924816351       0.91049907506457239      -0.98899586168506526      -0.14794318358686026        1.0000000000000000        0.0000000000000000     
  0.99507412231759595       0.89063835925333890      -0.98493453613496906      -0.17292761355143207        1.0000000000000000        0.0000000000000000     
  0.99868440334162711       0.87083803339396681      -0.98290836546138338      -0.18409547823352915       0.99999999999999989        0.0000000000000000     
   1.0024296979038874       0.85106270043716425      -0.98236301588788810      -0.18698370254022906        1.0000000000000000        0.0000000000000000     
   1.0061747442702949       0.83128731812789469      -0.98285192672030730      -0.18439655675250496       0.99999999999999989        0.0000000000000000     
   1.0098257029407360       0.81149438202726543      -0.98406296957596084      -0.17782033603989617        1.0000000000000000        0.0000000000000000     
   1.0133122466642737       0.79167186625915453      -0.98575408077480564      -0.16819302077023945        1.0000000000000000        0.0000000000000000     
   1.0165807312247241       0.77181227359671378      -0.98771379323637665      -0.15627367868776965       0.99999999999999989        0.0000000000000000     
   1.0195923770204169       0.75191214660319217      -0.98975244584909472      -0.14279389320182712        1.0000000000000000        0.0000000000000000     
   1.0223232451776836       0.73197156807405517      -0.99170982155780363      -0.12849758684811718        1.0000000000000000        0.0000000000000000     
   1.0247643782378761       0.71199345186142959      -0.99346656094149111      -0.11412358341327440        1.0000000000000000        0.0000000000000000     
   1.0269212667366237       0.69198263706442587      -0.99495120586710950      -0.10035984228557214        1.0000000000000000        0.0000000000000000     
   1.0288122812811327       0.67194492206216050      -0.99613903057907327       -8.7789701884584473E-002   1.0000000000000000        0.0000000000000000     
   1.0304660922147022       0.65188620348481197      -0.99704287464422536       -7.6847290916333147E-002  0.99999999999999989        0.0000000000000000     
   1.0319183887444165       0.63181185671236084      -0.99769931801081835       -6.7794327496834936E-002   1.0000000000000000        0.0000000000000000     
   1.0332083929532916       0.61172640058988614      -0.99815469086873687       -6.0722426637415922E-002   1.0000000000000000        0.0000000000000000     
   1.0343756412596596       0.59163341718052975      -0.99845443197644157       -5.5576499229454963E-002   1.0000000000000000        0.0000000000000000     
   1.0354573726446683       0.57153563565039833      -0.99863720805447020       -5.2189335013705394E-002  0.99999999999999978        0.0000000000000000     
   1.0364866293332338       0.55143509182927275      -0.99873331840717383       -5.0316584774751698E-002  0.99999999999999989        0.0000000000000000     
   1.0374909991543808       0.53133328646820510      -0.99876597104027232       -4.9664223460978270E-002   1.0000000000000000        0.0000000000000000     
   1.0384917990733253       0.51123130273904693      -0.99875397035654923       -4.9904976675970984E-002  0.99999999999999989        0.0000000000000000     
   1.0395034777251908       0.49112986410731924      -0.99871476351318611       -5.0683539150306912E-002   1.0000000000000000        0.0000000000000000     
   1.0405330004176037       0.47102933153663457      -0.99866738266774469       -5.1608708524399458E-002   1.0000000000000000        0.0000000000000000     
   1.0415788177928429       0.45092964005029162      -0.99863592067912244       -5.2213962973150327E-002  0.99999999999999989        0.0000000000000000     
   1.0426282044302746       0.43083013406494097      -0.99865665894064970       -5.1815804090055359E-002  0.99999999999999989        0.0000000000000000     
   1.0436493497185644       0.41072917984834223      -0.99879414938693112       -4.9094267999806117E-002   1.0000000000000000        0.0000000000000000     
   1.0445699469566356       0.39062341590473043      -0.99915396335501949       -4.1126117151470382E-002   1.0000000000000000        0.0000000000000000     
   1.0452296453180285       0.37050766194503920      -0.99976262184468068       -2.1787610292321579E-002  0.99999999999999989        0.0000000000000000     
   1.0452994384036705       0.35038233796295476      -0.99980619133764059        1.9687045561009177E-002   1.0000000000000000        0.0000000000000000     
   1.0441916290242148       0.33029109231802223      -0.99521691346059882        9.7689790469420348E-002   1.0000000000000000        0.0000000000000000     
   1.0410419844419156       0.31042605712979415      -0.97467395132014256       0.22363069694918977        1.0000000000000000        0.0000000000000000     
   1.0348874673149890       0.29129163267013725      -0.91921576738778177       0.39375420376891440        1.0000000000000000        0.0000000000000000     
   1.0250721340830615       0.27376515741531560      -0.81371744379506927       0.58126063144136852       0.99999999999999989        0.0000000000000000     
   1.0116355083402231       0.25883701368592654      -0.66426610821412213       0.74749617890532671        1.0000000000000000        0.0000000000000000     
  0.99530655004430779       0.24713001679919838      -0.49942443295575617       0.86635745265266895        1.0000000000000000        0.0000000000000000     
  0.97709466244718279       0.23861440051601429      -0.35179391320506931       0.93607747683184017        1.0000000000000000        0.0000000000000000     
  0.95786212240572899       0.23272012403099843      -0.24065358680038632       0.97061107100635780        1.0000000000000000        0.0000000000000000     
  0.93815283966797891       0.22866411827362315      -0.16835606780867904       0.98572624720659618        1.0000000000000000        0.0000000000000000     
  0.91824102480181791       0.22574003872892484      -0.12621831992060159       0.99200248775717326       0.99999999999999989        0.0000000000000000     
  0.89824355594814598       0.22346579225971261      -0.10161927475984084       0.99482336271183536        1.0000000000000000        0.0000000000000000     
  0.87820213063045505       0.22161657158964182       -8.1948236871474470E-002  0.99663658696320034       0.99999999999999978        0.0000000000000000     
  0.85812468773977557       0.22021535542973525       -5.5045304671561109E-002  0.99848385787333338       0.99999999999999989        0.0000000000000000     
  0.83801110802581813       0.21953693313755782       -7.7734553991542247E-003  0.99996978623914301        1.0000000000000002        0.0000000000000000     
  0.81789900124498682       0.22013997123790624        7.4911754083843471E-002  0.99719016696921048        1.0000000000000000        0.0000000000000000     
  0.79797591690608671       0.22288885408810211       0.20743932863262893       0.97824788521951034        1.0000000000000000        0.0000000000000000     
  0.77878831967603479       0.22885803394133342       0.39386131959640608       0.91916987598907840       0.99999999999999989        0.0000000000000000     
  0.76144164566937345       0.23895868779359342       0.61115301075445083       0.79151247459896068        1.0000000000000000        0.0000000000000000     
  0.74741874282422194       0.25330474814409698       0.80559120913010762       0.59247177466297174        1.0000000000000000        0.0000000000000000     
  0.73777260860636118       0.27090546534542065       0.93018693529676855       0.36708618252830688       0.99999999999999989        0.0000000000000000     
  0.73241571242991377       0.29027116726255020       0.98472659750135660       0.17410780618169108       0.99999999999999989        0.0000000000000000     
  0.73036089536823390       0.31027753804918895       0.99919575359684965        4.0097954985559424E-002   1.0000000000000000        0.0000000000000000     
  0.73044051317503511       0.33039883928317620       0.99918342109400837       -4.0404096461541701E-002  0.99999999999999989        0.0000000000000000     
  0.73173997733372420       0.35048213545368506       0.99647033327175316       -8.3945666411561426E-002   1.0000000000000000        0.0000000000000000     
  0.73367269598449925       0.37051561527168159       0.99442967628119006      -0.10540217707091057        1.0000000000000000        0.0000000000000000     
  0.73590163118146301       0.39051862347090738       0.99341039336996872      -0.11461147562318523       0.99999999999999989        0.0000000000000000     
  0.73824159923777721       0.41050901283930680       0.99312269541583809      -0.11707822961584521        1.0000000000000000        0.0000000000000000     
  0.74058825364885450       0.43049862262750382       0.99329660190189706      -0.11559351474085508       0.99999999999999989        0.0000000000000000     
  0.74287773678248104       0.45049484835448006       0.99375697318969936      -0.11156647452011438       0.99999999999999989        0.0000000000000000     
  0.74506772557011014       0.47050220150275229       0.99438535917587612      -0.10581945689080026        1.0000000000000000        0.0000000000000000     
  0.74712995371925628       0.49052311428796691       0.99509087680653241       -9.8965382313244740E-002  0.99999999999999978        0.0000000000000000     
  0.74904768351688755       0.51055837808274618       0.99580065401645623       -9.1548115548044220E-002  0.99999999999999989        0.0000000000000000     
  0.75081474017644123       0.53060749152705189       0.99645949471775064       -8.4074225460869983E-002  0.99999999999999989        0.0000000000000000     
  0.75243470793287415       0.55066903090025321       0.99703081550299133       -7.7003590419149670E-002  0.99999999999999989        0.0000000000000000     
  0.75391978405907822       0.57074101521604059       0.99749557256776156       -7.0728938262309471E-002   1.0000000000000000        0.0000000000000000     
  0.75528923480445265       0.59082123071375292       0.99784881755387533       -6.5557130095305602E-002  0.99999999999999989        0.0000000000000000     
  0.75656753127095244       0.61090746471651747       0.99809489493308978       -6.1697493535026071E-002   1.0000000000000000        0.0000000000000000     
  0.75778234380790399       0.63099764607227848       0.99824267240805986       -5.9258476048705266E-002   1.0000000000000000        0.0000000000000000     
  0.75896253401276070       0.65108989482582813       0.99830195168693825       -5.8251294046143175E-002   1.0000000000000000        0.0000000000000000     
  0.76013627827482488       0.67118252230958442       0.99828166287617315       -5.8597965537915978E-002  0.99999999999999978        0.0000000000000000     
  0.76132936554633590       0.69127400817793128       0.99818988178501622       -6.0141166450405494E-002   1.0000000000000000        0.0000000000000000     
  0.76256370728983569       0.71136299884873322       0.99803528672815534       -6.2654340994450525E-002  0.99999999999999989        0.0000000000000000     
  0.76385603959845139       0.73144833856303859       0.99782942184723500       -6.5851688634482125E-002   1.0000000000000000        0.0000000000000000     
  0.76521683699510878       0.75152915440084489       0.99758903734328552       -6.9398217358206962E-002   1.0000000000000000        0.0000000000000000     
  0.76664941333607850       0.77160497676140238       0.99733787540828034       -7.2918874621716007E-002  0.99999999999999989        0.0000000000000000     
  0.76814916071569084       0.79167589596665067       0.99710781381010460       -7.6000050255469895E-002   1.0000000000000000        0.0000000000000000     
  0.76970255336828564       0.81174273798998486       0.99694089610675496       -7.8159130431833757E-002  0.99999999999999989        0.0000000000000000     
  0.77128471935528609       0.83180733622620562       0.99689715583139693       -7.8715060155422026E-002   1.0000000000000000        0.0000000000000000     
  0.77285228584849730       0.85187307556763914       0.99707583567501001       -7.6418439613619854E-002   1.0000000000000000        0.0000000000000000     
  0.77432465805516904       0.87194597898568882       0.99764168810349352       -6.8637177666420579E-002   1.0000000000000000        0.0000000000000000     
  0.77554331330082360       0.89203564016176873       0.99874938535378033       -4.9996652442400265E-002   1.0000000000000000        0.0000000000000000     
  0.77620095673428668       0.91215049570363438       0.99994076312455549       -1.0884403607077708E-002  0.99999999999999978        0.0000000000000000     
  0.77575047222246707       0.93226779993649578       0.99803253970405714        6.2698083637937607E-002   1.0000000000000000        0.0000000000000000     
  0.77334759950885512       0.95223785685381890       0.98272736970971208       0.18505922517786291        1.0000000000000000        0.0000000000000000     
  0.76794504376252037       0.97159726938883495       0.93310978592860960       0.35959161197706546        1.0000000000000000        0.0000000000000000     
  0.75866384396791386       0.98940549533540412       0.82557031493738331       0.56429926022828525       0.99999999999999989        0.0000000000000000     
  0.74533677811819032        1.0044156528102741       0.65769003483096700       0.75328866849571119        1.0000000000000000        0.0000000000000000     
  0.72872136730289083        1.0156899048660548       0.46194009824690890       0.88691112611785194        1.0000000000000000        0.0000000000000000     
  0.71005457760228352        1.0231322144670241       0.28360284592273488       0.95894182606898815        1.0000000000000000        0.0000000000000000     
  0.69040410038229216        1.0274119335039062       0.14997499394837677       0.98868979017191461        1.0000000000000000        0.0000000000000000     
  0.67039113365968150        1.0294899702254841        6.3689371802171574E-002  0.99796977104491735       0.99999999999999989        0.0000000000000000     
  0.65027950683089442        1.0302169515085868        1.3272483913998488E-002  0.99991191670604296        1.0000000000000000        0.0000000000000000     
  0.63015342869475977        1.0301628486436138       -1.6441226060062434E-002  0.99986483390788483        1.0000000000000000        0.0000000000000000     
  0.61003495798010610        1.0295970090471278       -3.9884559250821933E-002  0.99920429439297731       0.99999999999999989        0.0000000000000000     
  0.58993838514509189        1.0285074386138506       -7.0794692983892737E-002  0.99749090795120365        1.0000000000000000        0.0000000000000000     
  0.56990432911713229        1.0266011517155489      -0.12349608721582704       0.99234505916157056       0.99999999999999989        0.0000000000000000     
  0.55005788796477428        1.0232940504921169      -0.21213583685945331       0.97724018885836839        1.0000000000000000        0.0000000000000000     
  0.53072369467246117        1.0177596944015619      -0.34530487492088857       0.93849056647143214       0.99999999999999989        0.0000000000000000     
  0.51257209803045223        1.0091347141558895      -0.51635637384482014       0.85637380575881017        1.0000000000000000        0.0000000000000000     
  0.49664041767032163       0.99690748111208560      -0.69690748249039269       0.71716104247853785        1.0000000000000000        0.0000000000000000     
  0.48402150631581276       0.98128966220886449      -0.84698759521542799       0.53161265367858435        1.0000000000000000        0.0000000000000000     
  0.47530004988436414       0.96319428111725303      -0.94138141693465138       0.33734407931681287       0.99999999999999989        0.0000000000000000     
  0.47022537052358027       0.94374237985769627      -0.98465002015489067       0.17454036154704580       0.99999999999999978        0.0000000000000000     
  0.46793320190031396       0.92375736576262280      -0.99809152032700177        6.1752061110009158E-002   1.0000000000000000        0.0000000000000000     
  0.46742860125140473       0.90364054020282436      -0.99998755435563458       -4.9891015059629661E-003   1.0000000000000000        0.0000000000000000     
  0.46791850071006147       0.88352062004031306      -0.99921709150384186       -3.9562659751374386E-002  0.99999999999999989        0.0000000000000000     
  0.46889687328407498       0.86341774450362929      -0.99846133978437024       -5.5452258348966860E-002   1.0000000000000000        0.0000000000000000     
  0.47008769321337879       0.84332615533515953      -0.99808775328836130       -6.1812917224407168E-002  0.99999999999999989        0.0000000000000000     
  0.47135525364804570       0.82323923103804475      -0.99797278867354033       -6.3642069947144872E-002   1.0000000000000000        0.0000000000000000     
  0.47263525348185004       0.80315309273435664      -0.99799430269509914       -6.3303805478999386E-002   1.0000000000000000        0.0000000000000000     
  0.47389631024365514       0.78306575811915180      -0.99808338192326118       -6.1883460864964566E-002  0.99999999999999989        0.0000000000000000     
  0.47512299403185870       0.76297629626233099      -0.99820040304872903       -5.9966285138858003E-002   1.0000000000000002        0.0000000000000000     
  0.47630966734963631       0.74288443175488605      -0.99831825413771769       -5.7971229548970694E-002  0.99999999999999989        0.0000000000000000     
  0.47745846238350115       0.72279036485874137      -0.99841617778375802       -5.6259540876828197E-002   1.0000000000000000        0.0000000000000000     
  0.47857842807498391       0.70269466917247470      -0.99847762965418985       -5.5158164220271332E-002   1.0000000000000000        0.0000000000000000     
  0.47968484184446347       0.68259822173503060      -0.99848866906142486       -5.4957963535274698E-002  0.99999999999999989        0.0000000000000000     
  0.48079840428838400       0.66250216991172095      -0.99843607432730563       -5.5905326060037577E-002  0.99999999999999989        0.0000000000000000     
  0.48194423420987476       0.64240793571256749      -0.99830548224778304       -5.8190756259232722E-002   1.0000000000000000        0.0000000000000000     
  0.48315060544466087       0.62231725268140714      -0.99808020498070937       -6.1934678699943353E-002   1.0000000000000000        0.0000000000000000     
  0.48444737568346247       0.60223221330100740      -0.99774145417238513       -6.7171352718062030E-002   1.0000000000000000        0.0000000000000000     
  0.48586409450990070       0.58215529241234543      -0.99727057465547875       -7.3833602961872150E-002  0.99999999999999989        0.0000000000000000     
  0.48742784550449342       0.56208930362893406      -0.99665347925580494       -8.1742536584687817E-002   1.0000000000000000        0.0000000000000000     
  0.48916096974972229       0.54203724745536896      -0.99588676866567516       -9.0606533962181462E-002   1.0000000000000000        0.0000000000000000     
  0.49107888485573692       0.52200203043769366      -0.99498421336896470      -0.10003207059009959       0.99999999999999989        0.0000000000000000     
  0.49318823918951565       0.50198606477278795      -0.99398176417735462      -0.10954566391634950        1.0000000000000000        0.0000000000000000     
  0.49548558393500192       0.48199079693852259      -0.99293944686323743      -0.11862232025604685        1.0000000000000000        0.0000000000000000     
  0.49795661198244157       0.46201623507235007      -0.99193960808273773      -0.12671153821442113        1.0000000000000000        0.0000000000000000     
  0.50057577193749991       0.44206053705190640      -0.99108316394284479      -0.13324474529616717        1.0000000000000000        0.0000000000000000     
  0.50330558602590392       0.42211965434954418      -0.99048915037332474      -0.13759085359401363        1.0000000000000000        0.0000000000000000     
  0.50609400549771755       0.40218686693771727      -0.99030799074945253      -0.13888874489238612        1.0000000000000000        0.0000000000000000     
  0.50886608906346953       0.38225180938476738      -0.99076048662659055      -0.13562322123973258       0.99999999999999989        0.0000000000000000     
  0.51150298178664744       0.36229851119715706      -0.99218793711937969      -0.12475214400878988        1.0000000000000000        0.0000000000000000     
  0.51379735942295768       0.34230334366108367      -0.99496423453892102      -0.10023059407376128        1.0000000000000000        0.0000000000000000     
  0.51537407129858726       0.32224034805288843      -0.99869285643575567       -5.1113388697983250E-002   1.0000000000000000        0.0000000000000000     
  0.51557715809446392       0.30212136799889822      -0.99921865501153673        3.9523151151389498E-002   1.0000000000000000        0.0000000000000000     
  0.51337352631035271       0.28213509130156106      -0.98162860855756351       0.19080166367550841        1.0000000000000000        0.0000000000000000     
  0.50745006820906902       0.26294506824131192      -0.91339465669008879       0.40707517872009197        1.0000000000000000        0.0000000000000000     
  0.49680241988158219       0.24594745269326240      -0.76051846859718697       0.64931630113727279        1.0000000000000000        0.0000000000000000     
  0.48164432607994739       0.23282002028898371      -0.53699600945199588       0.84358478283610128       0.99999999999999989        0.0000000000000000     
  0.46344307739902829       0.22435546640296120      -0.30914397228311552       0.95101524929993442        1.0000000000000000        0.0000000000000000     
  0.44381374693178466       0.22003821749184702      -0.13001421665450563       0.99151212976328007        1.0000000000000000        0.0000000000000000     
  0.42374245277424305       0.21871403824064109       -1.0954104236263794E-002  0.99994000200031063        1.0000000000000000        0.0000000000000000     
  0.40362745424373603       0.21927123886976654        5.9616223577770307E-002  0.99822137118292820       0.99999999999999989        0.0000000000000000     
  0.38356771801269296       0.22089865383694884        9.8030358416111199E-002  0.99518342471566967        1.0000000000000000        0.0000000000000000     
  0.36356184424711674       0.22309909517773985       0.11873764857790201       0.99292566227799284        1.0000000000000000        0.0000000000000000     
  0.34359633916862253       0.22564118427936097       0.13389358510815380       0.99099571536252651        1.0000000000000000        0.0000000000000000     
  0.32367801626198694       0.22852850813251982       0.15499581491012623       0.98791512659759695       0.99999999999999989        0.0000000000000000     
  0.30385438840708584       0.23200156598179913       0.19417145807774319       0.98096760643150871        1.0000000000000000        0.0000000000000000     
  0.28425172378233365       0.23654649202141792       0.26330282631041935       0.96471323286090838        1.0000000000000000        0.0000000000000000     
  0.26515027819055864       0.24285502390491395       0.37002050489220883       0.92902358740739988        1.0000000000000000        0.0000000000000000     
  0.24708362334649669       0.25167801458888406       0.51149836673389582       0.85928424914492474       0.99999999999999989        0.0000000000000000     
  0.23087918165837959       0.26356053149688718       0.66977322746261836       0.74256570333830252        1.0000000000000000        0.0000000000000000     
  0.21750683223596556       0.27854910611699535       0.81472155849517947       0.57985237959603653        1.0000000000000000        0.0000000000000000     
  0.20768976742416981       0.29607591696055108       0.91865288764005015       0.39506565534173854        1.0000000000000000        0.0000000000000000     
  0.20149373334444187       0.31519734630611301       0.97405226172606696       0.22632320125504959       0.99999999999999989        0.0000000000000000     
  0.19827621961094505       0.33505180474742863       0.99479749522317173       0.10187219197457006        1.0000000000000000        0.0000000000000000     
  0.19706232496550119       0.35513721390970476       0.99965839461498451        2.6136068483838114E-002   1.0000000000000000        0.0000000000000000     
  0.19697867251390869       0.37526263813718141       0.99991445491438358       -1.3079864420981952E-002  0.99999999999999989        0.0000000000000000     
  0.19744731588832293       0.39538379339566854       0.99951848014248723       -3.1029145229160070E-002   1.0000000000000000        0.0000000000000000     
  0.19815961526494538       0.41549801847923240       0.99925282303958762       -3.8649652616997467E-002   1.0000000000000000        0.0000000000000000     
  0.19897379454521591       0.43560841727739524       0.99912620827255716       -4.1794975091545457E-002   1.0000000000000000        0.0000000000000000     
  0.19982994432819598       0.45571707962720887       0.99907098434909247       -4.3094874773404630E-002   1.0000000000000000        0.0000000000000000     
  0.20070399061230898       0.47582497317032024       0.99904457064598440       -4.3702927393720149E-002  0.99999999999999989        0.0000000000000000     
  0.20158863271629007       0.49593240341879657       0.99902144527226655       -4.4228405873508757E-002   1.0000000000000000        0.0000000000000000     
  0.20248667064820289       0.51603923940989915       0.99898258067206336       -4.5097710737735011E-002   1.0000000000000000        0.0000000000000000     
  0.20340870151554546       0.53614498807400401       0.99891041311002082       -4.6668903783650822E-002  0.99999999999999989        0.0000000000000000     
  0.20437215016999882       0.55624879089888457       0.99878575457962504       -4.9264758690255185E-002   1.0000000000000000        0.0000000000000000     
  0.20540064635637983       0.57634936383132429       0.99858499678805446       -5.3178982594642037E-002   1.0000000000000000        0.0000000000000000     
  0.20652338118931862       0.59644488058999967       0.99827755891710557       -5.8667839252054557E-002  0.99999999999999989        0.0000000000000000     
  0.20777416040330768       0.61653281527281822       0.99782428954878111       -6.5929410633420713E-002   1.0000000000000000        0.0000000000000000     
  0.20918994368350272       0.63660976887026244       0.99717802111668219       -7.5073258899676754E-002   1.0000000000000000        0.0000000000000000     
  0.21080871688734151       0.65667134422889184       0.99628767446064292       -8.6086408438290560E-002  0.99999999999999989        0.0000000000000000     
  0.21266672136797446       0.67671214389444256       0.99510686662566306       -9.8804473554869057E-002   1.0000000000000000        0.0000000000000000     
  0.21479522938132067       0.69672598969393118       0.99360663757189716      -0.11289751889686866        1.0000000000000000        0.0000000000000000     
  0.21721725110775036       0.71670641652611000       0.99178996463014812      -0.12787754321588155       0.99999999999999989        0.0000000000000000     
  0.21994461740363966       0.73664745021007294       0.98970412222637916      -0.14312844038873718        1.0000000000000000        0.0000000000000000     
  0.22297584903783074       0.75654456989315733       0.98744679849910055      -0.15795195514420457       0.99999999999999989        0.0000000000000000     
  0.22629500724139889       0.77639571750860747       0.98516364761017883      -0.17161756153554761       0.99999999999999989        0.0000000000000000     
  0.22987147594913035       0.79620216481464001       0.98303796590139203      -0.18340217445944770       0.99999999999999989        0.0000000000000000     
  0.23366031595436307       0.81596913429312412       0.98127628143149381      -0.19260545033819784        1.0000000000000000        0.0000000000000000     
  0.23760253883568960       0.83570612932809618       0.98009650943851723      -0.19852161642107014       0.99999999999999989        0.0000000000000000     
  0.24162406541327447       0.85542714751945303       0.97972893608027201      -0.20032776094944588        1.0000000000000000        0.0000000000000000     
  0.24563089384328010       0.87515114867849764       0.98044438692205793      -0.19679635198100087       0.99999999999999989        0.0000000000000000     
  0.24949524680783150       0.89490345974382457       0.98261665064503856      -0.18564621696960687        1.0000000000000000        0.0000000000000000     
  0.25302258094029895       0.91471835863504614       0.98675278406262878      -0.16223114110629652        1.0000000000000000        0.0000000000000000     
  0.25588269255029822       0.93463924802041054       0.99310304671909977      -0.11724478068230383        1.0000000000000000        0.0000000000000000     
  0.25748543894391596       0.95469633254613973       0.99943291184644723       -3.3672759288951894E-002   1.0000000000000000        0.0000000000000000     
  0.25680935791554643       0.97479358427928919       0.99350951981661595       0.11374899574834677        1.0000000000000000        0.0000000000000000     
  0.25234372857316145       0.99437063432976902       0.93924996893109869       0.34323387924697968        1.0000000000000000        0.0000000000000000     
  0.24266422715149708        1.0119204465713840       0.78561405153623287       0.61871686741903620        1.0000000000000000        0.0000000000000000     
  0.22781233733104667        1.0253664062947263       0.54174304999418899       0.84054414981189041        1.0000000000000000        0.0000000000000000     
  0.20956452636357900        1.0337063753396885       0.29325253555795694       0.95603501525249024        1.0000000000000000        0.0000000000000000     
  0.18984327612955018        1.0375616328265169       0.10104054552889562       0.99488230869747762       0.99999999999999989        0.0000000000000000     
  0.16974056265572318        1.0382092815823611       -2.6866481649888890E-002  0.99963903093254436        1.0000000000000000        0.0000000000000000     
  0.14966678494087055        1.0368193724229868      -0.10424892963987861       0.99455123581891935        1.0000000000000000        0.0000000000000000     
  0.12970743298088711        1.0342403125474935      -0.14764154534590113       0.98904093650762215        1.0000000000000000        0.0000000000000000     
  0.10984238241807123        1.0310073939190445      -0.17141586850707252       0.98519876168414167        1.0000000000000000        0.0000000000000000     
   9.0043726256609835E-002   1.0273886661671627      -0.18793984346240508       0.98218054106122810       0.99999999999999989        0.0000000000000000     
   7.0313799867474019E-002   1.0234129452930434      -0.20881368884553159       0.97795544037073667        1.0000000000000000        0.0000000000000000     
   5.0705998153425469E-002   1.0188766796393580      -0.24552651591883001       0.96938987511772612        1.0000000000000000        0.0000000000000000     
   3.1355746620110134E-002   1.0133527200731687      -0.30847030715219376       0.95123397206230564        1.0000000000000000        0.0000000000000000     
   1.2537185411256126E-002   1.0062393826647897      -0.40396043203820153       0.91477645867583934       0.99999999999999989        0.0000000000000000     
  -5.2637001542204537E-003  0.99688358532479793      -0.53008204103134204       0.84794636019977510        1.0000000000000000        0.0000000000000000     
  -2.1313453566242702E-002  0.98478399015235119      -0.67333623277411270       0.73933640356306418        1.0000000000000000        0.0000000000000000     
  -3.4728396653656159E-002  0.96982685561499660      -0.80940137279022206       0.58725583668900561        1.0000000000000000        0.0000000000000000     
  -4.4777090467776649E-002  0.95242902467452861      -0.91222314057596876       0.40969371705911767       0.99999999999999989        0.0000000000000000     
  -5.1289642091592112E-002  0.93341292997290892      -0.97018644670012999       0.24235977108294188        1.0000000000000000        0.0000000000000000     
  -5.4820818680359581E-002  0.91361214164357607      -0.99313250024146849       0.11699502965566407       0.99999999999999989        0.0000000000000000     
  -5.6336765950868471E-002  0.89354728124087057      -0.99914920367325721        4.1241590647016539E-002  0.99999999999999989        0.0000000000000000     
  -5.6731311437183587E-002  0.87342550617947989      -0.99999631721922200        2.7139543093213053E-003   1.0000000000000000        0.0000000000000000     
  -5.6584360329499352E-002  0.85329942147222904      -0.99988778818236146       -1.4980355262310830E-002   1.0000000000000000        0.0000000000000000     
  -5.6191729853852825E-002  0.83317642417639493      -0.99973502767326738       -2.3019001783991848E-002   1.0000000000000000        0.0000000000000000     
  -5.5685306108204505E-002  0.81305592678351790      -0.99963953271104555       -2.6847805147580135E-002   1.0000000000000000        0.0000000000000000     
  -5.5124204284239066E-002  0.79293687139651636      -0.99958892888371031       -2.8670075917526877E-002   1.0000000000000000        0.0000000000000000     
  -5.4538627764556785E-002  0.77281851049982409      -0.99956842521020528       -2.9376237383134277E-002   1.0000000000000000        0.0000000000000000     
  -5.3946238151703435E-002  0.75270034903763994      -0.99956770420417940       -2.9400760398096630E-002  0.99999999999999989        0.0000000000000000     
  -5.3357956108220070E-002  0.73258206698157058      -0.99957935187924474       -2.9002056766185627E-002   1.0000000000000000        0.0000000000000000     
  -5.2780512152207068E-002  0.71246347120635700      -0.99959818227989639       -2.8345616640447678E-002  0.99999999999999989        0.0000000000000000     
  -5.2217953407491531E-002  0.69234445395169919      -0.99962079737296206       -2.7536547703799510E-002   1.0000000000000000        0.0000000000000000     
  -5.1672647917410663E-002  0.67222496166726631      -0.99964510932033568       -2.6639358324368600E-002   1.0000000000000000        0.0000000000000000     
  -5.1145950605612452E-002  0.65210497390433542      -0.99966990054258542       -2.5692215731178983E-002   1.0000000000000000        0.0000000000000000     
  -5.0638624960273972E-002  0.63198448820711917      -0.99969448473834577       -2.4717143518892443E-002  0.99999999999999989        0.0000000000000000     
  -5.0151092633583361E-002  0.61186351341414080      -0.99971847482401321       -2.3727011938904030E-002  0.99999999999999989        0.0000000000000000     
  -4.9683568418302251E-002  0.59174206357312487      -0.99974163730448951       -2.2730126258748450E-002   1.0000000000000000        0.0000000000000000     
  -4.9236120482632713E-002  0.57162015748709105      -0.99976380825853750       -2.1733101398244699E-002   1.0000000000000000        0.0000000000000000     
  -4.8808686064739655E-002  0.55149781611312121      -0.99978485006864060       -2.0742554645610155E-002   1.0000000000000000        0.0000000000000000     
  -4.8401061000105078E-002  0.53137506386624778      -0.99980463342941628       -1.9766005491007863E-002   1.0000000000000000        0.0000000000000000     
  -4.8012877290609053E-002  0.51125192699270350      -0.99982303379206050       -1.8812259269967813E-002   1.0000000000000000        0.0000000000000000     
  -4.7643575966199891E-002  0.49112843482253421      -0.99983993488096579       -1.7891467721409600E-002   1.0000000000000000        0.0000000000000000     
  -4.7292381257604370E-002  0.47100461832657509      -0.99985523443716751       -1.7014998342543167E-002   1.0000000000000000        0.0000000000000000     
  -4.6958278218349324E-002  0.45088051082670527      -0.99986884915154994       -1.6195199793621742E-002   1.0000000000000000        0.0000000000000000     
  -4.6639995885025362E-002  0.43075614672888674      -0.99988071704353387       -1.5445118468588400E-002   1.0000000000000000        0.0000000000000000     
  -4.6335996181670891E-002  0.41063156175259802      -0.99989079645667223       -1.4778198849712945E-002   1.0000000000000000        0.0000000000000000     
  -4.6044468934338466E-002  0.39050679212165812      -0.99989906148415975       -1.4207985187796954E-002  0.99999999999999989        0.0000000000000000     
  -4.5763332821861444E-002  0.37038187453465432      -0.99990549408644758       -1.3747832401406590E-002   1.0000000000000000        0.0000000000000000     
  -4.5490241929844327E-002  0.35025684613667957      -0.99991007348732075       -1.3410627822022000E-002   1.0000000000000000        0.0000000000000000     
  -4.5222598009026255E-002  0.33013174441495735      -0.99991276369367543       -1.3208520071379183E-002  0.99999999999999978        0.0000000000000000     
  -4.4957567942927601E-002  0.31000660819335241      -0.99991350024020131       -1.3152643741430055E-002  0.99999999999999989        0.0000000000000000     
  -4.4692107306521414E-002  0.28988147748801135      -0.99991217756125905       -1.3252817236388069E-002   1.0000000000000000        0.0000000000000000     
  -4.4422990065892579E-002  0.26975639560633458      -0.99990863846479672       -1.3517201022276253E-002   1.0000000000000000        0.0000000000000000     
  -4.4146844715301885E-002  0.24963140877631945      -0.99990266435377273       -1.3952125939320851E-002   1.0000000000000000        0.0000000000000000     
  -4.3860181055651537E-002  0.22950656948797382      -0.99989394383008323       -1.4563690875682971E-002  0.99999999999999989        0.0000000000000000     
  -4.3559312989218217E-002  0.20938193740348174      -0.99988189174074393       -1.5368883139357650E-002   1.0000000000000000        0.0000000000000000     
  -4.3239752490525397E-002  0.18925759432297493      -0.99986477273079510       -1.6444946092808096E-002   1.0000000000000000        0.0000000000000000     
  -4.2893600820189434E-002  0.16913369185547958      -0.99983618621220416       -1.8099744214623049E-002   1.0000000000000000        0.0000000000000000     
  -4.2500891187733508E-002  0.14901065107552974      -0.99977225817270599       -2.1340847880253404E-002   1.0000000000000000        0.0000000000000000     
  -4.2006404699354544E-002  0.12888989184533828      -0.99958267058081496       -2.8887448390711480E-002   1.0000000000000000        0.0000000000000000     
  -4.1269826748682722E-002  0.10877676018229405      -0.99890559948981528       -4.6771821729466027E-002  0.99999999999999978        0.0000000000000000     
  -3.9982903356008702E-002   8.8692343048538777E-002 -0.99631312824378082       -8.5791319427384702E-002  0.99999999999999989        0.0000000000000000     
  -3.7575185765580763E-002   6.8714807956808691E-002 -0.98699885539096566      -0.16072728286424709        1.0000000000000000        0.0000000000000000     
  -3.3183438827028962E-002   4.9086765876911805E-002 -0.95873094080290888      -0.28431493655305806        1.0000000000000000        0.0000000000000000     
  -2.5808880801586713E-002   3.0390188168140118E-002 -0.89054214879732529      -0.45490073776093476       0.99999999999999989        0.0000000000000000     
  -1.4733939621081594E-002   1.3637351217172520E-002 -0.76388200222388369      -0.64535593797410018        1.0000000000000000        0.0000000000000000     
